20
81
84
72
62
79
62
56
64
52
94
94
96
59
99
89
86
58
90
95
92
0 0 3 2 2 3 2 0 1 2 2 4 4 1 4 0 1 3 4 3 
0 0 2 3 2 1 4 0 0 4 4 2 1 4 3 2 3 4 1 2 
3 2 0 3 4 3 1 1 3 2 2 4 2 2 4 3 4 2 1 4 
2 3 3 0 2 4 1 1 1 1 4 1 1 2 4 3 1 1 2 2 
2 2 4 2 0 3 0 0 3 4 1 3 2 1 3 1 0 1 1 2 
3 1 3 4 3 0 4 1 1 3 2 0 1 4 1 2 4 4 3 2 
2 4 1 1 0 4 0 0 0 3 4 1 1 3 2 1 4 2 2 0 
0 0 1 1 0 1 0 0 0 0 4 2 1 4 2 0 4 3 4 4 
1 0 3 1 3 1 0 0 0 0 1 4 1 0 2 3 0 3 2 2 
2 4 2 1 4 3 3 0 0 0 0 0 2 0 0 1 4 4 4 1 
2 4 2 4 1 2 4 4 1 0 0 0 0 0 2 4 2 4 0 4 
4 2 4 1 3 0 1 2 4 0 0 0 2 4 2 4 3 0 2 1 
4 1 2 1 2 1 1 1 1 2 0 2 0 2 2 4 1 2 0 4 
1 4 2 2 1 4 3 4 0 0 0 4 2 0 2 3 0 1 1 0 
4 3 4 4 3 1 2 2 2 0 2 2 2 2 0 3 4 0 3 4 
0 2 3 3 1 2 1 0 3 1 4 4 4 3 3 0 4 4 1 1 
1 3 4 1 0 4 4 4 0 4 2 3 1 0 4 4 0 2 2 3 
3 4 2 1 1 4 2 3 3 4 4 0 2 1 0 4 2 0 4 3 
4 1 1 2 1 3 2 4 2 4 0 2 0 1 3 1 2 4 0 1 
3 2 4 2 2 2 0 4 2 1 4 1 4 0 4 1 3 3 1 0 
100
54
70
75
73
94
57
72
81
51
96
82
78
60
66
96
81
64
63
92
71
65
59
55
69
83
52
90
83
63
82
70
78
67
72
87
88
94
57
92
71