20
83
59
63
82
85
80
62
90
61
63
70
63
74
65
77
100
80
69
64
96
0 3 4 1 1 0 2 0 1 2 1 1 1 4 2 3 4 0 2 0 
3 0 4 4 4 0 4 4 2 1 1 4 3 1 0 2 3 4 1 1 
4 4 0 2 1 2 2 3 0 3 0 1 1 2 3 0 3 4 0 4 
1 4 2 0 3 0 4 4 3 4 1 3 0 0 3 3 4 1 2 4 
1 4 1 3 0 2 0 1 2 3 0 4 2 4 4 3 0 4 0 2 
0 0 2 0 2 0 0 1 1 2 0 1 0 2 1 1 0 0 1 3 
2 4 2 4 0 0 0 1 1 0 1 4 3 0 0 1 2 1 3 4 
0 4 3 4 1 1 1 0 2 4 2 2 4 4 1 2 2 2 3 4 
1 2 0 3 2 1 1 2 0 3 0 1 0 2 2 3 2 2 1 1 
2 1 3 4 3 2 0 4 3 0 1 2 0 0 1 0 3 4 3 1 
1 1 0 1 0 0 1 2 0 1 0 4 4 3 4 3 4 1 2 2 
1 4 1 3 4 1 4 2 1 2 4 0 1 1 0 2 0 4 0 0 
1 3 1 0 2 0 3 4 0 0 4 1 0 1 2 0 2 4 4 0 
4 1 2 0 4 2 0 4 2 0 3 1 1 0 1 0 1 0 0 4 
2 0 3 3 4 1 0 1 2 1 4 0 2 1 0 1 3 0 1 3 
3 2 0 3 3 1 1 2 3 0 3 2 0 0 1 0 3 4 2 0 
4 3 3 4 0 0 2 2 2 3 4 0 2 1 3 3 0 2 1 4 
0 4 4 1 4 0 1 2 2 4 1 4 4 0 0 4 2 0 4 3 
2 1 0 2 0 1 3 3 1 3 2 0 4 0 1 2 1 4 0 1 
0 1 4 4 2 3 4 4 1 1 2 0 0 4 3 0 4 3 1 0 
95
75
90
71
52
70
54
70
67
82
73
70
97
87
74
67
96
74
91
50
84
52
60
51
51
69
89
57
59
94
100
62
82
75
99
61
51
97
86
89
90
71
74
69
70