20
85
58
68
70
94
83
99
55
56
74
63
85
56
54
52
95
57
65
71
80
0 1 0 0 0 2 3 4 0 1 4 2 3 1 0 1 1 2 0 2 
1 0 3 4 4 4 0 4 1 1 1 1 0 2 1 3 3 3 2 1 
0 3 0 3 0 4 4 4 1 1 4 0 0 0 2 1 0 4 0 3 
0 4 3 0 0 2 1 1 4 2 2 1 1 2 1 1 2 4 1 4 
0 4 0 0 0 4 1 2 1 1 2 3 0 3 4 3 0 4 1 2 
2 4 4 2 4 0 0 1 2 4 1 4 3 0 2 1 3 1 4 4 
3 0 4 1 1 0 0 1 2 4 1 3 0 2 2 1 1 0 0 0 
4 4 4 1 2 1 1 0 3 3 3 3 0 3 1 1 1 4 4 2 
0 1 1 4 1 2 2 3 0 3 2 0 0 2 2 0 4 0 0 2 
1 1 1 2 1 4 4 3 3 0 1 1 2 1 0 0 1 2 1 0 
4 1 4 2 2 1 1 3 2 1 0 2 1 4 2 4 2 1 0 2 
2 1 0 1 3 4 3 3 0 1 2 0 1 2 0 1 1 1 0 1 
3 0 0 1 0 3 0 0 0 2 1 1 0 3 3 0 3 0 1 1 
1 2 0 2 3 0 2 3 2 1 4 2 3 0 2 1 1 0 0 0 
0 1 2 1 4 2 2 1 2 0 2 0 3 2 0 4 2 0 4 1 
1 3 1 1 3 1 1 1 0 0 4 1 0 1 4 0 2 3 4 4 
1 3 0 2 0 3 1 1 4 1 2 1 3 1 2 2 0 0 4 4 
2 3 4 4 4 1 0 4 0 2 1 1 0 0 0 3 0 0 3 2 
0 2 0 1 1 4 0 4 0 1 0 0 1 0 4 4 4 3 0 4 
2 1 3 4 2 4 0 2 2 0 2 1 1 0 1 4 4 2 4 0 
94
79
61
89
81
73
94
77
63
96
51
55
54
95
52
89
83
92
59
66
54
50
96
80
92
91
67
71
79
68
95
89
71
57
53
69
54
68
76
70
52
95
86
91
94
57
100
63
70
95
92
97
93