20
69
72
59
87
54
59
100
52
79
75
74
61
86
60
63
85
63
98
74
55
0 1 1 0 2 1 0 2 3 4 2 1 0 4 3 4 3 1 1 0 
1 0 1 3 0 1 3 3 3 0 2 3 1 4 1 3 1 0 3 3 
1 1 0 0 3 0 0 3 1 4 4 4 3 0 4 3 4 3 0 3 
0 3 0 0 4 0 2 1 2 4 2 3 1 1 4 0 3 2 3 3 
2 0 3 4 0 2 1 0 4 4 3 4 1 0 4 3 3 3 2 3 
1 1 0 0 2 0 0 3 1 1 2 0 0 2 2 0 0 4 2 0 
0 3 0 2 1 0 0 1 3 0 2 3 1 1 3 1 3 3 0 1 
2 3 3 1 0 3 1 0 2 0 3 0 3 1 1 4 1 4 4 0 
3 3 1 2 4 1 3 2 0 1 1 0 4 4 1 2 0 4 4 0 
4 0 4 4 4 1 0 0 1 0 1 3 0 2 1 2 2 1 1 1 
2 2 4 2 3 2 2 3 1 1 0 1 3 0 2 4 0 4 3 3 
1 3 4 3 4 0 3 0 0 3 1 0 0 2 0 0 1 0 2 3 
0 1 3 1 1 0 1 3 4 0 3 0 0 1 0 0 3 1 4 3 
4 4 0 1 0 2 1 1 4 2 0 2 1 0 3 4 3 3 4 1 
3 1 4 4 4 2 3 1 1 1 2 0 0 3 0 3 0 4 4 0 
4 3 3 0 3 0 1 4 2 2 4 0 0 4 3 0 2 0 4 4 
3 1 4 3 3 0 3 1 0 2 0 1 3 3 0 2 0 0 2 3 
1 0 3 2 3 4 3 4 4 1 4 0 1 3 4 0 0 0 0 0 
1 3 0 3 2 2 0 4 4 1 3 2 4 4 4 4 2 0 0 3 
0 3 3 3 3 0 1 0 0 1 3 3 3 1 0 4 3 0 3 0 
87
87
52
98
91
68
51
60
70
60
67
83
99
60
67
50
55
75
64
87
59
51
73
75
52
94
93
61
88
59
90
68
55
60
61
63
82
85
50
65