20
73
83
73
87
60
64
60
57
58
77
63
84
60
87
54
67
95
100
89
90
0 0 2 4 3 2 1 4 3 3 1 4 3 3 2 1 1 4 1 1 
0 0 2 3 2 2 3 4 4 2 1 3 1 2 2 1 4 1 1 4 
2 2 0 4 2 2 0 3 4 0 1 0 0 4 0 2 2 0 1 0 
4 3 4 0 1 3 0 0 2 2 4 3 4 0 1 0 1 0 0 2 
3 2 2 1 0 2 1 2 2 0 4 1 0 2 2 2 3 3 2 1 
2 2 2 3 2 0 2 2 1 2 0 0 1 3 4 3 0 4 0 4 
1 3 0 0 1 2 0 2 1 1 0 3 4 3 3 2 2 0 4 2 
4 4 3 0 2 2 2 0 3 4 3 2 2 4 2 2 3 0 1 1 
3 4 4 2 2 1 1 3 0 3 2 2 0 1 3 3 3 0 0 4 
3 2 0 2 0 2 1 4 3 0 1 4 0 2 1 2 4 4 0 2 
1 1 1 4 4 0 0 3 2 1 0 1 2 2 4 1 1 1 0 1 
4 3 0 3 1 0 3 2 2 4 1 0 0 0 4 1 4 2 4 4 
3 1 0 4 0 1 4 2 0 0 2 0 0 2 2 0 1 1 1 3 
3 2 4 0 2 3 3 4 1 2 2 0 2 0 2 2 4 0 1 3 
2 2 0 1 2 4 3 2 3 1 4 4 2 2 0 4 4 4 2 3 
1 1 2 0 2 3 2 2 3 2 1 1 0 2 4 0 2 3 4 2 
1 4 2 1 3 0 2 3 3 4 1 4 1 4 4 2 0 1 4 1 
4 1 0 0 3 4 0 0 0 4 1 2 1 0 4 3 1 0 2 1 
1 1 1 0 2 0 4 1 0 0 0 4 1 1 2 4 4 2 0 0 
1 4 0 2 1 4 2 1 4 2 1 4 3 3 3 2 1 1 0 0 
75
62
62
52
63
89
97
86
96
76
98
76
54
61
71
83
83
70
69
97
97
71
75
72
57
69
96
58
55
67
66
96
89
89
79
64
67
87
75
74
69