20
71
92
85
77
68
93
61
79
51
71
51
75
65
65
89
52
61
93
53
79
0 1 3 4 3 3 3 3 1 4 3 3 4 3 2 4 2 2 3 0 
1 0 4 4 3 1 4 2 0 4 3 3 2 4 1 3 0 3 3 1 
3 4 0 3 2 3 3 2 1 0 0 4 2 1 3 4 4 2 4 3 
4 4 3 0 2 2 3 2 1 3 3 4 3 2 1 3 2 4 1 3 
3 3 2 2 0 0 0 1 2 1 2 0 3 4 2 2 4 1 2 4 
3 1 3 2 0 0 3 1 2 4 1 0 4 3 2 4 4 0 4 4 
3 4 3 3 0 3 0 3 2 4 0 4 1 1 4 0 0 1 1 3 
3 2 2 2 1 1 3 0 4 2 0 0 0 2 1 0 3 1 2 1 
1 0 1 1 2 2 2 4 0 4 0 3 3 4 1 3 1 3 3 3 
4 4 0 3 1 4 4 2 4 0 4 0 4 2 0 3 2 0 3 1 
3 3 0 3 2 1 0 0 0 4 0 2 4 2 1 3 1 2 3 4 
3 3 4 4 0 0 4 0 3 0 2 0 4 4 2 1 1 4 1 2 
4 2 2 3 3 4 1 0 3 4 4 4 0 2 3 0 2 2 2 4 
3 4 1 2 4 3 1 2 4 2 2 4 2 0 3 0 2 1 1 3 
2 1 3 1 2 2 4 1 1 0 1 2 3 3 0 0 0 1 4 4 
4 3 4 3 2 4 0 0 3 3 3 1 0 0 0 0 2 0 0 1 
2 0 4 2 4 4 0 3 1 2 1 1 2 2 0 2 0 3 2 3 
2 3 2 4 1 0 1 1 3 0 2 4 2 1 1 0 3 0 1 1 
3 3 4 1 2 4 1 2 3 3 3 1 2 1 4 0 2 1 0 0 
0 1 3 3 4 4 3 1 3 1 4 2 4 3 4 1 3 1 0 0 
60
90
83
52
70
62
91
85
68
98
96
73
98
75
68
79
93
83
65
88
51
88
91
95
67
56
70
68
95
81
59
59
50
99
88
59