20
77
79
66
71
68
64
55
83
86
78
50
66
61
84
77
57
72
58
72
90
0 4 1 0 4 1 4 2 1 2 4 4 4 2 4 2 0 0 0 1 
4 0 4 0 3 4 3 2 3 1 2 1 0 4 2 3 1 0 0 0 
1 4 0 0 1 4 2 3 4 2 2 2 3 0 1 4 4 3 1 3 
0 0 0 0 4 3 0 2 4 0 2 4 4 2 3 1 1 4 1 3 
4 3 1 4 0 1 2 4 0 2 4 0 2 4 0 0 3 4 4 3 
1 4 4 3 1 0 3 0 3 0 4 4 4 4 3 4 4 4 0 4 
4 3 2 0 2 3 0 0 0 0 3 1 2 4 4 3 4 0 0 4 
2 2 3 2 4 0 0 0 1 2 1 0 1 0 2 0 1 3 2 2 
1 3 4 4 0 3 0 1 0 0 0 2 2 0 1 3 1 1 2 3 
2 1 2 0 2 0 0 2 0 0 3 3 0 3 1 3 4 2 3 1 
4 2 2 2 4 4 3 1 0 3 0 1 3 4 3 1 1 1 0 2 
4 1 2 4 0 4 1 0 2 3 1 0 4 1 4 4 4 0 2 1 
4 0 3 4 2 4 2 1 2 0 3 4 0 4 2 0 1 1 4 4 
2 4 0 2 4 4 4 0 0 3 4 1 4 0 2 0 3 3 2 2 
4 2 1 3 0 3 4 2 1 1 3 4 2 2 0 3 3 2 0 2 
2 3 4 1 0 4 3 0 3 3 1 4 0 0 3 0 2 1 4 2 
0 1 4 1 3 4 4 1 1 4 1 4 1 3 3 2 0 4 4 1 
0 0 3 4 4 4 0 3 1 2 1 0 1 3 2 1 4 0 0 1 
0 0 1 1 4 0 0 2 2 3 0 2 4 2 0 4 4 0 0 1 
1 0 3 3 3 4 4 2 3 1 2 1 4 2 2 2 1 1 1 0 
72
92
57
53
58
79
98
71
61
56
55
76
69
59
77
55
75
95
72
53
95
64
84
79
81
86
57
61
70
68
86
100
66
61
73
69