20
53
57
53
78
63
53
91
78
52
66
77
71
72
78
66
89
51
65
87
90
0 0 0 0 0 0 3 4 1 2 1 0 2 4 2 2 4 0 1 3 
0 0 1 1 1 0 4 0 0 0 0 1 0 0 3 2 1 2 3 3 
0 1 0 4 2 1 3 3 3 1 3 1 4 1 3 1 4 0 0 3 
0 1 4 0 4 3 3 4 0 2 2 2 1 0 3 3 2 1 0 2 
0 1 2 4 0 4 0 2 3 0 2 3 4 3 3 2 1 3 1 1 
0 0 1 3 4 0 2 0 4 2 4 1 1 1 2 4 3 1 1 4 
3 4 3 3 0 2 0 2 2 1 4 3 4 4 1 3 0 2 4 4 
4 0 3 4 2 0 2 0 1 1 1 2 2 4 0 4 3 1 0 0 
1 0 3 0 3 4 2 1 0 3 4 0 2 0 3 0 0 1 2 1 
2 0 1 2 0 2 1 1 3 0 4 2 0 3 2 1 1 3 0 3 
1 0 3 2 2 4 4 1 4 4 0 2 4 1 3 4 3 3 1 2 
0 1 1 2 3 1 3 2 0 2 2 0 3 2 3 2 2 3 1 1 
2 0 4 1 4 1 4 2 2 0 4 3 0 2 3 1 2 1 4 0 
4 0 1 0 3 1 4 4 0 3 1 2 2 0 1 1 3 1 1 2 
2 3 3 3 3 2 1 0 3 2 3 3 3 1 0 0 2 1 1 2 
2 2 1 3 2 4 3 4 0 1 4 2 1 1 0 0 4 3 2 1 
4 1 4 2 1 3 0 3 0 1 3 2 2 3 2 4 0 1 4 4 
0 2 0 1 3 1 2 1 1 3 3 3 1 1 1 3 1 0 0 4 
1 3 0 0 1 1 4 0 2 0 1 1 4 1 1 2 4 0 0 2 
3 3 3 2 1 4 4 0 1 3 2 1 0 2 2 1 4 4 2 0 
98
66
88
60
87
64
57
71
82
81
82
86
51
73
88
95
86
61
52
70
82
55
78
79
82
66
60
60
73
70
57
77
70
78
91
62
52
88
68
100
79
79
67
79
84
77
97