20
67
62
61
65
100
96
72
87
84
74
54
72
59
97
83
89
54
95
51
96
0 0 3 1 0 0 0 3 0 2 1 0 3 0 2 2 1 4 3 2 
0 0 0 0 0 4 4 3 0 1 1 2 1 0 0 2 1 2 3 0 
3 0 0 1 1 1 3 0 1 2 2 2 4 1 1 1 3 2 1 3 
1 0 1 0 1 1 4 0 1 0 0 0 0 4 0 3 4 1 3 2 
0 0 1 1 0 2 3 2 4 2 1 2 3 1 1 3 1 4 2 4 
0 4 1 1 2 0 0 3 2 3 0 3 0 4 2 1 4 1 3 4 
0 4 3 4 3 0 0 2 3 3 0 1 2 3 3 4 0 4 2 0 
3 3 0 0 2 3 2 0 4 3 2 0 1 1 2 1 4 1 3 1 
0 0 1 1 4 2 3 4 0 2 1 4 2 3 0 2 1 4 2 2 
2 1 2 0 2 3 3 3 2 0 1 2 0 3 4 2 1 0 2 3 
1 1 2 0 1 0 0 2 1 1 0 4 1 3 4 2 1 0 2 3 
0 2 2 0 2 3 1 0 4 2 4 0 1 0 3 3 1 2 1 3 
3 1 4 0 3 0 2 1 2 0 1 1 0 4 3 2 4 4 0 2 
0 0 1 4 1 4 3 1 3 3 3 0 4 0 2 1 0 2 0 3 
2 0 1 0 1 2 3 2 0 4 4 3 3 2 0 1 4 3 0 0 
2 2 1 3 3 1 4 1 2 2 2 3 2 1 1 0 1 2 2 0 
1 1 3 4 1 4 0 4 1 1 1 1 4 0 4 1 0 0 3 1 
4 2 2 1 4 1 4 1 4 0 0 2 4 2 3 2 0 0 2 0 
3 3 1 3 2 3 2 3 2 2 2 1 0 0 0 2 3 2 0 2 
2 0 3 2 4 4 0 1 2 3 3 3 2 3 0 0 1 0 2 0 
72
95
54
87
52
76
92
75
68
81
90
84
90
88
100
95
81
58
93
66
92
56
95
75
71
79
77
97
80
79
53
93
88
72
52
95
63
88
94
90
100
82
86
76