20
79
97
69
52
79
69
86
71
56
68
76
51
52
95
71
100
50
54
96
63
0 3 1 0 3 2 2 2 2 2 4 2 0 1 2 2 0 0 0 0 
3 0 4 4 0 2 2 4 1 1 1 4 0 4 1 0 0 0 0 3 
1 4 0 0 4 1 1 1 0 1 4 2 3 1 3 2 2 4 4 0 
0 4 0 0 1 0 3 4 1 4 0 4 2 1 1 3 0 4 3 1 
3 0 4 1 0 4 1 4 0 3 0 4 4 2 3 0 0 0 2 0 
2 2 1 0 4 0 1 1 2 2 4 2 4 4 0 3 1 0 0 4 
2 2 1 3 1 1 0 0 1 3 1 4 1 2 4 0 3 1 4 0 
2 4 1 4 4 1 0 0 0 2 0 3 1 4 4 2 3 4 3 3 
2 1 0 1 0 2 1 0 0 3 1 0 0 2 3 4 0 4 3 1 
2 1 1 4 3 2 3 2 3 0 2 0 1 1 1 4 4 1 1 0 
4 1 4 0 0 4 1 0 1 2 0 2 2 2 1 2 4 0 4 2 
2 4 2 4 4 2 4 3 0 0 2 0 2 0 0 1 0 0 2 1 
0 0 3 2 4 4 1 1 0 1 2 2 0 3 0 0 2 1 1 0 
1 4 1 1 2 4 2 4 2 1 2 0 3 0 1 0 0 0 1 0 
2 1 3 1 3 0 4 4 3 1 1 0 0 1 0 3 3 2 1 1 
2 0 2 3 0 3 0 2 4 4 2 1 0 0 3 0 4 0 3 1 
0 0 2 0 0 1 3 3 0 4 4 0 2 0 3 4 0 3 1 2 
0 0 4 4 0 0 1 4 4 1 0 0 1 0 2 0 3 0 1 3 
0 0 4 3 2 0 4 3 3 1 4 2 1 1 1 3 1 1 0 4 
0 3 0 1 0 4 0 3 1 0 2 1 0 0 1 1 2 3 4 0 
94
61
64
74
54
77
65
59
62
61
95
75
96
87
95
96
85
92
88
54
93
67
82
97
59
59
81
97
97
85
71
67
54
82
60
56
70
94
62
50
60
67
92
91