2 265
2
14
14
0 1 
1 0 
12
7 254
3
12
11
15
0 1 1 
1 0 1 
1 1 0 
15
14
19
10 227
3
15
10
14
0 1 1 
1 0 1 
1 1 0 
20
20
14
14 251
4
13
12
13
10
0 1 0 1 
1 0 1 0 
0 1 0 0 
1 0 0 0 
18
17
10
17 273
3
10
11
11
0 1 1 
1 0 1 
1 1 0 
11
12
20
19 254
4
12
10
15
10
0 1 1 1 
1 0 0 1 
1 0 0 0 
1 1 0 0 
10
17
15
14
20 218
3
13
14
11
0 1 1 
1 0 1 
1 1 0 
13
11
19
21 205
2
14
13
0 1 
1 0 
11
26 246
2
14
13
0 1 
1 0 
19
30 262
4
13
14
12
11
0 1 0 1 
1 0 0 0 
0 0 0 1 
1 0 1 0 
19
10
15
35 274
2
13
10
0 1 
1 0 
10
45 257
2
10
13
0 1 
1 0 
17
49 271
2
12
11
0 1 
1 0 
11
50 275
4
11
13
15
12
0 1 1 0 
1 0 1 0 
1 1 0 1 
0 0 1 0 
10
17
12
12
54 243
3
14
13
14
0 0 1 
0 0 1 
1 1 0 
15
15
56 278
4
10
15
12
11
0 1 1 1 
1 0 0 0 
1 0 0 1 
1 0 1 0 
14
12
15
14
60 275
4
10
12
15
13
0 1 1 1 
1 0 0 1 
1 0 0 0 
1 1 0 0 
10
13
19
20
63 254
4
13
15
15
15
0 1 0 1 
1 0 1 1 
0 1 0 1 
1 1 1 0 
15
15
12
16
20
67 299
4
15
11
10
11
0 1 0 0 
1 0 1 1 
0 1 0 1 
0 1 1 0 
15
15
11
12
69 203
3
15
14
10
0 1 1 
1 0 1 
1 1 0 
15
16
13
71 256
4
14
14
13
14
0 0 1 1 
0 0 1 1 
1 1 0 0 
1 1 0 0 
18
15
17
16
74 207
3
15
13
15
0 1 1 
1 0 1 
1 1 0 
13
17
20
76 213
2
14
11
0 1 
1 0 
15
80 232
4
12
13
12
15
0 1 0 1 
1 0 0 0 
0 0 0 1 
1 0 1 0 
13
20
11
82 285
3
12
12
15
0 0 1 
0 0 1 
1 1 0 
19
20
89 221
2
15
14
0 1 
1 0 
10
93 298
2
10
15
0 1 
1 0 
11
94 217
4
14
11
13
12
0 0 0 1 
0 0 1 1 
0 1 0 0 
1 1 0 0 
13
15
19
97 253
3
12
12
14
0 1 1 
1 0 1 
1 1 0 
12
16
14
113 223
2
10
11
0 1 
1 0 
11
119 252
4
14
12
11
14
0 1 1 0 
1 0 0 0 
1 0 0 1 
0 0 1 0 
16
12
16
122 238
2
11
11
0 1 
1 0 
10
130 203
4
13
15
14
15
0 1 1 1 
1 0 1 1 
1 1 0 0 
1 1 0 0 
13
19
14
16
13
132 224
2
13
15
0 1 
1 0 
18
134 227
2
12
13
0 1 
1 0 
14
156 251
4
14
10
10
13
0 0 0 1 
0 0 1 0 
0 1 0 1 
1 0 1 0 
18
19
18
157 287
3
10
12
11
0 0 1 
0 0 1 
1 1 0 
12
12
160 279
3
13
15
12
0 0 1 
0 0 1 
1 1 0 
11
13
162 214
2
14
14
0 1 
1 0 
12
167 281
2
14
14
0 1 
1 0 
11
168 250
3
15
14
11
0 1 1 
1 0 1 
1 1 0 
14
11
17
174 201
3
13
15
11
0 1 1 
1 0 0 
1 0 0 
11
11
182 256
4
10
13
14
12
0 0 1 1 
0 0 0 1 
1 0 0 1 
1 1 1 0 
14
10
20
19
187 224
2
10
10
0 1 
1 0 
18
190 284
3
10
10
11
0 1 1 
1 0 1 
1 1 0 
11
18
20
193 264
3
13
14
12
0 1 1 
1 0 0 
1 0 0 
14
20
201 244
2
15
14
0 1 
1 0 
11
224 283
3
14
11
10
0 0 1 
0 0 1 
1 1 0 
14
14
225 203
3
12
12
15
0 1 1 
1 0 1 
1 1 0 
19
15
10
232 250
3
10
11
14
0 1 1 
1 0 1 
1 1 0 
11
10
12
233 223
3
14
14
10
0 1 1 
1 0 1 
1 1 0 
20
19
16
235 262
2
11
10
0 1 
1 0 
11
240 256
3
10
11
13
0 1 0 
1 0 1 
0 1 0 
16
19
245 224
4
13
11
11
13
0 1 1 0 
1 0 0 0 
1 0 0 1 
0 0 1 0 
18
20
13
253 241
3
14
10
12
0 1 1 
1 0 1 
1 1 0 
15
13
19
258 203
2
10
10
0 1 
1 0 
18
265 247
2
13
12
0 1 
1 0 
20
267 263
3
14
10
14
0 1 1 
1 0 1 
1 1 0 
16
10
11
278 276
4
11
13
10
14
0 1 0 1 
1 0 1 1 
0 1 0 0 
1 1 0 0 
14
15
10
20
279 246
4
14
15
15
15
0 1 1 1 
1 0 0 1 
1 0 0 0 
1 1 0 0 
20
20
18
11
281 283
4
14
14
11
13
0 1 1 0 
1 0 1 1 
1 1 0 0 
0 1 0 0 
14
12
15
18
283 299
4
14
11
15
11
0 1 1 0 
1 0 1 1 
1 1 0 0 
0 1 0 0 
13
17
19
19
285 211
4
10
12
14
11
0 1 1 1 
1 0 0 1 
1 0 0 0 
1 1 0 0 
14
14
18
20
287 280
3
15
11
15
0 1 1 
1 0 1 
1 1 0 
14
17
15
288 255
3
14
12
13
0 1 1 
1 0 0 
1 0 0 
11
10
289 251
4
15
14
11
10
0 1 1 0 
1 0 0 1 
1 0 0 1 
0 1 1 0 
10
12
13
12
292 234
3
10
15
15
0 1 1 
1 0 1 
1 1 0 
19
13
15
294 210
4
13
11
12
10
0 0 1 0 
0 0 1 1 
1 1 0 0 
0 1 0 0 
10
19
17
295 219
2
14
14
0 1 
1 0 
19
306 235
3
14
13
11
0 0 1 
0 0 1 
1 1 0 
17
20
307 200
2
13
10
0 1 
1 0 
10
308 282
2
14
13
0 1 
1 0 
16
313 212
3
13
12
10
0 1 1 
1 0 1 
1 1 0 
19
12
17
315 220
3
11
10
14
0 0 1 
0 0 1 
1 1 0 
19
13
317 211
2
14
10
0 1 
1 0 
20
326 256
4
12
13
15
14
0 1 1 1 
1 0 1 0 
1 1 0 0 
1 0 0 0 
15
16
12
15
328 274
3
13
11
15
0 1 1 
1 0 1 
1 1 0 
17
14
10
332 214
3
15
12
12
0 1 1 
1 0 1 
1 1 0 
10
17
17
336 246
2
15
13
0 1 
1 0 
19
346 296
4
14
12
11
15
0 0 1 0 
0 0 1 0 
1 1 0 1 
0 0 1 0 
16
18
12
350 293
4
12
13
15
10
0 1 0 0 
1 0 0 1 
0 0 0 1 
0 1 1 0 
20
20
17
354 281
3
10
15
12
0 1 1 
1 0 0 
1 0 0 
14
20
355 257
3
13
13
10
0 1 1 
1 0 1 
1 1 0 
19
17
13
356 211
3
10
12
14
0 1 1 
1 0 1 
1 1 0 
10
20
15
360 266
2
12
14
0 1 
1 0 
10
361 286
3
13
13
14
0 0 1 
0 0 1 
1 1 0 
16
18
364 228
4
13
14
12
14
0 1 0 1 
1 0 1 1 
0 1 0 1 
1 1 1 0 
12
17
14
13
13
371 290
4
11
13
10
12
0 0 1 0 
0 0 0 1 
1 0 0 1 
0 1 1 0 
19
15
13
377 233
4
14
15
14
12
0 0 0 1 
0 0 0 1 
0 0 0 1 
1 1 1 0 
13
15
14
383 204
4
11
15
14
12
0 1 0 1 
1 0 1 0 
0 1 0 0 
1 0 0 0 
18
20
11
384 247
2
15
15
0 1 
1 0 
20
387 236
4
12
15
11
13
0 1 1 1 
1 0 1 0 
1 1 0 1 
1 0 1 0 
16
10
15
10
16
388 254
2
15
12
0 1 
1 0 
11
392 268
3
13
10
14
0 1 1 
1 0 1 
1 1 0 
13
11
18
396 235
4
15
11
10
11
0 1 1 0 
1 0 0 0 
1 0 0 1 
0 0 1 0 
11
17
10
399 213
4
10
15
11
11
0 1 0 0 
1 0 0 1 
0 0 0 1 
0 1 1 0 
12
19
15
400 222
4
11
11
11
10
0 1 1 0 
1 0 0 1 
1 0 0 0 
0 1 0 0 
20
13
11
402 216
3
12
11
12
0 0 1 
0 0 1 
1 1 0 
20
17
405 232
4
13
11
13
13
0 1 1 1 
1 0 1 1 
1 1 0 1 
1 1 1 0 
19
10
13
18
12
14
407 244
3
13
11
14
0 1 1 
1 0 0 
1 0 0 
20
18
409 265
4
14
12
10
11
0 1 0 1 
1 0 1 0 
0 1 0 1 
1 0 1 0 
13
20
16
13
413 241
2
11
10
0 1 
1 0 
10
418 274
3
10
11
14
0 1 1 
1 0 1 
1 1 0 
11
14
11
425 223
3
15
15
10
0 1 1 
1 0 1 
1 1 0 
10
12
17
429 280
3
13
15
12
0 0 1 
0 0 1 
1 1 0 
15
10
439 292
3
13
14
14
0 1 1 
1 0 1 
1 1 0 
14
18
13
442 254
3
14
13
14
0 1 1 
1 0 1 
1 1 0 
18
19
10
456 270
4
14
15
13
13
0 1 1 1 
1 0 1 0 
1 1 0 0 
1 0 0 0 
11
14
17
11
461 211
4
10
14
11
14
0 1 1 1 
1 0 1 1 
1 1 0 1 
1 1 1 0 
15
15
16
10
16
17
468 272
3
13
15
12
0 1 1 
1 0 1 
1 1 0 
10
17
19
469 209
3
14
14
15
0 1 0 
1 0 1 
0 1 0 
13
16
482 287
4
10
11
14
10
0 0 1 0 
0 0 1 1 
1 1 0 1 
0 1 1 0 
10
20
17
12
483 256
4
10
11
12
14
0 1 1 1 
1 0 0 0 
1 0 0 0 
1 0 0 0 
12
14
15
484 264
3
13
15
12
0 1 0 
1 0 1 
0 1 0 
15
16
486 211
4
15
12
14
15
0 0 1 0 
0 0 1 1 
1 1 0 0 
0 1 0 0 
12
13
13
493 250
4
10
14
13
14
0 1 0 0 
1 0 1 1 
0 1 0 0 
0 1 0 0 
18
18
20
495 292
4
14
13
15
11
0 1 0 1 
1 0 1 1 
0 1 0 1 
1 1 1 0 
11
11
12
15
10
503 293
2
13
13
0 1 
1 0 
10
505 230
2
14
13
0 1 
1 0 
12
515 230
4
15
13
10
12
0 1 1 0 
1 0 0 0 
1 0 0 1 
0 0 1 0 
19
14
20
518 235
4
13
15
13
10
0 1 1 1 
1 0 1 1 
1 1 0 0 
1 1 0 0 
20
19
16
17
11
523 234
2
12
15
0 1 
1 0 
10
530 284
4
10
11
10
12
0 0 1 0 
0 0 1 1 
1 1 0 1 
0 1 1 0 
20
14
14
12
531 298
2
10
14
0 1 
1 0 
13
533 230
2
12
14
0 1 
1 0 
20
539 234
4
12
15
12
13
0 0 1 1 
0 0 1 0 
1 1 0 1 
1 0 1 0 
11
12
12
10
541 288
3
13
12
13
0 1 1 
1 0 1 
1 1 0 
12
10
13
545 294
4
13
13
14
14
0 0 1 1 
0 0 1 0 
1 1 0 0 
1 0 0 0 
20
11
13
557 296
2
12
12
0 1 
1 0 
17
560 246
2
12
13
0 1 
1 0 
13
561 227
2
14
13
0 1 
1 0 
17
562 249
2
10
12
0 1 
1 0 
16
563 233
4
11
10
14
15
0 1 1 1 
1 0 0 0 
1 0 0 0 
1 0 0 0 
11
11
16
565 266
3
15
12
12
0 1 1 
1 0 1 
1 1 0 
15
15
19
566 201
2
10
11
0 1 
1 0 
10
570 249
2
13
11
0 1 
1 0 
11
572 204
2
10
11
0 1 
1 0 
11
574 292
3
14
11
11
0 1 0 
1 0 1 
0 1 0 
13
13
580 237
2
10
12
0 1 
1 0 
15
581 208
2
11
12
0 1 
1 0 
10
584 231
2
10
13
0 1 
1 0 
17
585 295
4
13
14
15
10
0 1 0 0 
1 0 1 1 
0 1 0 1 
0 1 1 0 
11
17
20
13
587 216
4
15
12
15
15
0 1 1 0 
1 0 1 1 
1 1 0 1 
0 1 1 0 
12
11
11
11
16
589 249
2
10
15
0 1 
1 0 
20
596 288
3
11
10
15
0 1 1 
1 0 0 
1 0 0 
19
18
597 200
4
12
13
13
11
0 0 1 1 
0 0 1 0 
1 1 0 1 
1 0 1 0 
17
15
20
16
606 288
4
11
11
13
15
0 1 0 0 
1 0 1 0 
0 1 0 1 
0 0 1 0 
14
19
12
607 269
4
15
14
10
13
0 0 0 1 
0 0 0 1 
0 0 0 1 
1 1 1 0 
17
11
18
608 275
4
11
13
10
15
0 0 1 1 
0 0 1 1 
1 1 0 1 
1 1 1 0 
13
16
17
12
11
612 239
2
15
10
0 1 
1 0 
11
622 296
2
15
11
0 1 
1 0 
16
623 204
2
14
15
0 1 
1 0 
13
627 270
3
13
13
12
0 1 1 
1 0 1 
1 1 0 
13
17
15
631 209
2
10
13
0 1 
1 0 
12
634 216
4
14
12
12
12
0 1 1 1 
1 0 1 0 
1 1 0 1 
1 0 1 0 
18
19
18
17
19
638 285
2
10
15
0 1 
1 0 
11
640 243
4
11
11
12
12
0 1 1 1 
1 0 0 1 
1 0 0 0 
1 1 0 0 
14
14
13
17
644 240
2
14
11
0 1 
1 0 
14
645 269
3
15
11
11
0 1 1 
1 0 1 
1 1 0 
18
14
18
652 207
4
14
12
14
13
0 1 1 1 
1 0 1 1 
1 1 0 1 
1 1 1 0 
11
13
17
16
11
20
653 202
4
14
10
10
10
0 0 1 0 
0 0 1 1 
1 1 0 0 
0 1 0 0 
18
11
19
656 280
4
14
12
10
12
0 1 1 1 
1 0 0 0 
1 0 0 1 
1 0 1 0 
14
20
10
14
665 202
2
10
10
0 1 
1 0 
12
670 292
4
13
14
13
15
0 0 1 1 
0 0 1 0 
1 1 0 1 
1 0 1 0 
14
12
17
19
672 225
2
11
15
0 1 
1 0 
18
677 247
3
12
13
11
0 1 0 
1 0 1 
0 1 0 
18
20
684 236
3
12
11
15
0 1 1 
1 0 0 
1 0 0 
17
20
698 201
3
11
15
14
0 1 1 
1 0 0 
1 0 0 
10
20
701 220
4
14
12
12
14
0 1 1 1 
1 0 1 0 
1 1 0 1 
1 0 1 0 
14
15
13
18
11
703 205
4
13
13
11
12
0 0 1 0 
0 0 1 1 
1 1 0 0 
0 1 0 0 
11
13
11
705 219
2
14
12
0 1 
1 0 
10
707 229
2
14
13
0 1 
1 0 
19
708 219
3
12
15
14
0 1 1 
1 0 1 
1 1 0 
17
11
12
710 267
2
13
13
0 1 
1 0 
17
716 229
3
14
10
14
0 1 0 
1 0 1 
0 1 0 
13
13
720 225
2
11
15
0 1 
1 0 
15
724 235
4
12
12
12
13
0 1 1 0 
1 0 1 1 
1 1 0 1 
0 1 1 0 
14
13
16
16
16
725 248
4
12
15
10
13
0 1 0 1 
1 0 0 1 
0 0 0 1 
1 1 1 0 
18
17
17
13
730 283
4
14
12
15
10
0 1 0 1 
1 0 0 0 
0 0 0 1 
1 0 1 0 
14
18
13
737 266
3
11
15
13
0 0 1 
0 0 1 
1 1 0 
19
15
743 292
3
15
13
13
0 1 0 
1 0 1 
0 1 0 
15
12
744 213
3
15
14
14
0 1 1 
1 0 1 
1 1 0 
19
11
20
755 209
3
14
15
10
0 1 1 
1 0 0 
1 0 0 
14
16
758 202
4
10
11
10
14
0 1 0 1 
1 0 0 1 
0 0 0 1 
1 1 1 0 
14
16
18
19
762 230
3
12
13
13
0 1 1 
1 0 0 
1 0 0 
20
16
774 206
2
13
11
0 1 
1 0 
16
776 261
4
13
11
10
15
0 0 1 1 
0 0 1 1 
1 1 0 0 
1 1 0 0 
11
12
11
12
777 228
4
11
14
14
11
0 1 0 1 
1 0 1 0 
0 1 0 0 
1 0 0 0 
16
10
10
784 295
2
13
15
0 1 
1 0 
19
785 271
2
11
12
0 1 
1 0 
10
787 222
4
15
13
12
13
0 0 1 0 
0 0 1 0 
1 1 0 1 
0 0 1 0 
12
15
10
790 210
3
14
15
14
0 0 1 
0 0 1 
1 1 0 
16
10
792 279
4
12
12
14
13
0 0 0 1 
0 0 1 0 
0 1 0 1 
1 0 1 0 
17
14
17
793 251
3
14
11
14
0 1 1 
1 0 0 
1 0 0 
14
15
798 265
2
14
12
0 1 
1 0 
15
799 248
4
10
11
13
14
0 1 1 1 
1 0 1 1 
1 1 0 0 
1 1 0 0 
16
13
16
19
15
804 230
4
14
15
14
15
0 0 1 0 
0 0 1 0 
1 1 0 1 
0 0 1 0 
16
11
10
805 269
3
11
14
11
0 1 1 
1 0 1 
1 1 0 
16
11
14
812 215
3
15
13
12
0 0 1 
0 0 1 
1 1 0 
18
10
814 267
2
14
14
0 1 
1 0 
18
815 265
3
10
10
15
0 1 1 
1 0 1 
1 1 0 
18
16
10
819 275
4
15
10
12
12
0 0 1 1 
0 0 1 0 
1 1 0 0 
1 0 0 0 
12
11
11
822 205
3
10
10
13
0 1 1 
1 0 1 
1 1 0 
14
10
13
827 250
4
11
13
15
13
0 0 1 1 
0 0 0 1 
1 0 0 1 
1 1 1 0 
15
20
16
15
850 200
3
11
10
14
0 1 1 
1 0 1 
1 1 0 
15
16
13
851 222
4
12
11
15
10
0 1 1 1 
1 0 1 1 
1 1 0 0 
1 1 0 0 
13
15
20
16
19
862 264
2
12
10
0 1 
1 0 
18
871 219
3
15
11
10
0 1 1 
1 0 1 
1 1 0 
17
17
10
876 292
2
15
14
0 1 
1 0 
13
881 291
2
15
11
0 1 
1 0 
17
889 228
3
11
10
10
0 1 0 
1 0 1 
0 1 0 
11
16
901 236
3
14
11
12
0 0 1 
0 0 1 
1 1 0 
16
20
902 245
3
14
14
11
0 1 1 
1 0 0 
1 0 0 
11
14
906 299
3
12
15
14
0 1 1 
1 0 0 
1 0 0 
20
13
912 264
3
10
13
13
0 1 1 
1 0 1 
1 1 0 
15
18
18
919 206
2
11
15
0 1 
1 0 
12
924 223
2
15
11
0 1 
1 0 
13
937 261
4
15
11
11
14
0 1 0 0 
1 0 1 1 
0 1 0 0 
0 1 0 0 
14
15
14
938 276
4
13
15
14
11
0 0 1 0 
0 0 1 0 
1 1 0 1 
0 0 1 0 
12
18
14
940 290
2
12
11
0 1 
1 0 
16
942 262
2
15
12
0 1 
1 0 
16
945 223
4
10
12
13
12
0 0 0 1 
0 0 0 1 
0 0 0 1 
1 1 1 0 
13
14
12
946 289
4
14
10
12
13
0 1 1 1 
1 0 0 1 
1 0 0 1 
1 1 1 0 
17
19
20
19
15
950 211
3
13
11
11
0 1 1 
1 0 0 
1 0 0 
20
12
951 284
3
15
12
14
0 1 1 
1 0 1 
1 1 0 
18
14
16
954 243
3
10
15
12
0 1 1 
1 0 0 
1 0 0 
13
11
966 243
4
15
11
15
12
0 0 1 1 
0 0 1 1 
1 1 0 0 
1 1 0 0 
10
19
10
10
967 255
2
12
11
0 1 
1 0 
13
971 206
2
15
12
0 1 
1 0 
12
977 262
3
13
10
11
0 0 1 
0 0 1 
1 1 0 
10
12
978 279
4
13
10
10
14
0 0 1 0 
0 0 0 1 
1 0 0 1 
0 1 1 0 
10
17
17
992 227
4
13
11
11
10
0 0 1 0 
0 0 1 1 
1 1 0 0 
0 1 0 0 
17
13
15
994 282
3
12
12
11
0 1 1 
1 0 1 
1 1 0 
17
20
15