1 235
4
11
13
12
13
0 0 1 0 
0 0 1 0 
1 1 0 1 
0 0 1 0 
15
19
17
4 228
4
13
11
13
12
0 0 1 0 
0 0 0 1 
1 0 0 1 
0 1 1 0 
14
12
20
6 204
4
15
12
14
15
0 1 0 1 
1 0 1 0 
0 1 0 1 
1 0 1 0 
18
14
11
11
8 234
2
10
10
0 1 
1 0 
12
12 255
2
14
12
0 1 
1 0 
13
13 259
3
14
14
13
0 1 1 
1 0 1 
1 1 0 
17
15
11
15 290
4
11
10
10
11
0 1 0 1 
1 0 0 0 
0 0 0 1 
1 0 1 0 
17
11
13
17 256
2
10
11
0 1 
1 0 
14
24 236
2
10
14
0 1 
1 0 
16
26 289
4
11
10
12
10
0 0 0 1 
0 0 1 0 
0 1 0 1 
1 0 1 0 
12
19
16
31 298
3
14
14
11
0 1 0 
1 0 1 
0 1 0 
11
18
38 228
2
14
10
0 1 
1 0 
12
46 222
3
10
14
10
0 1 1 
1 0 0 
1 0 0 
13
10
50 254
2
14
13
0 1 
1 0 
11
53 211
3
14
15
14
0 1 1 
1 0 1 
1 1 0 
20
10
14
55 259
4
10
11
14
11
0 1 0 1 
1 0 0 0 
0 0 0 1 
1 0 1 0 
15
16
20
56 280
2
15
10
0 1 
1 0 
12
57 212
2
11
14
0 1 
1 0 
11
63 284
3
15
11
13
0 1 0 
1 0 1 
0 1 0 
13
11
67 245
3
10
14
13
0 1 1 
1 0 0 
1 0 0 
14
11
68 232
2
10
11
0 1 
1 0 
19
70 246
3
14
12
10
0 1 1 
1 0 1 
1 1 0 
18
20
18
73 246
4
12
12
11
12
0 0 1 1 
0 0 1 1 
1 1 0 1 
1 1 1 0 
12
12
11
12
12
74 267
3
13
11
14
0 1 1 
1 0 1 
1 1 0 
19
17
10
77 222
4
14
14
10
12
0 1 1 1 
1 0 1 0 
1 1 0 1 
1 0 1 0 
19
17
17
10
14
83 259
2
15
14
0 1 
1 0 
11
88 274
4
15
11
12
11
0 1 1 1 
1 0 1 0 
1 1 0 1 
1 0 1 0 
19
15
18
13
14
90 260
2
14
13
0 1 
1 0 
11
92 219
4
14
14
14
14
0 0 0 1 
0 0 1 1 
0 1 0 1 
1 1 1 0 
19
14
20
11
100 249
4
13
13
14
14
0 0 0 1 
0 0 1 0 
0 1 0 1 
1 0 1 0 
11
19
20
102 275
4
11
15
11
13
0 1 1 1 
1 0 0 1 
1 0 0 1 
1 1 1 0 
16
14
16
19
12
105 281
3
13
13
14
0 1 1 
1 0 0 
1 0 0 
18
15
108 278
4
15
15
13
15
0 1 0 1 
1 0 1 1 
0 1 0 1 
1 1 1 0 
10
19
18
11
10
111 289
3
11
12
10
0 0 1 
0 0 1 
1 1 0 
20
20
114 210
2
10
15
0 1 
1 0 
18
116 234
4
10
14
10
15
0 0 1 1 
0 0 0 1 
1 0 0 0 
1 1 0 0 
11
11
18
121 234
3
14
11
12
0 1 0 
1 0 1 
0 1 0 
18
15
123 231
2
15
13
0 1 
1 0 
12
126 212
2
13
14
0 1 
1 0 
13
133 243
3
12
10
15
0 0 1 
0 0 1 
1 1 0 
14
16
135 288
3
11
12
11
0 0 1 
0 0 1 
1 1 0 
10
12
136 222
3
15
12
15
0 0 1 
0 0 1 
1 1 0 
11
13
138 278
2
13
11
0 1 
1 0 
14
140 295
4
12
11
15
15
0 0 1 1 
0 0 0 1 
1 0 0 1 
1 1 1 0 
10
11
13
13
143 214
4
12
13
13
11
0 1 0 1 
1 0 1 0 
0 1 0 0 
1 0 0 0 
18
15
19
154 291
2
10
11
0 1 
1 0 
15
162 224
2
13
13
0 1 
1 0 
20
164 269
2
12
12
0 1 
1 0 
19
176 244
2
10
13
0 1 
1 0 
14
177 216
2
13
13
0 1 
1 0 
15
180 293
4
13
13
10
14
0 0 1 1 
0 0 0 1 
1 0 0 0 
1 1 0 0 
20
16
16
193 261
4
15
10
10
10
0 0 1 1 
0 0 1 1 
1 1 0 1 
1 1 1 0 
10
15
13
16
14
194 215
3
11
15
15
0 0 1 
0 0 1 
1 1 0 
19
12
197 252
2
15
12
0 1 
1 0 
13
198 214
4
10
13
14
13
0 0 1 1 
0 0 0 1 
1 0 0 1 
1 1 1 0 
19
10
20
19
208 293
4
12
13
15
15
0 0 1 1 
0 0 1 1 
1 1 0 1 
1 1 1 0 
14
16
16
14
12
213 238
4
12
13
15
13
0 1 1 0 
1 0 1 1 
1 1 0 0 
0 1 0 0 
12
10
17
18
214 273
4
12
10
11
15
0 1 0 1 
1 0 0 1 
0 0 0 1 
1 1 1 0 
18
17
15
18
217 210
2
15
13
0 1 
1 0 
14
219 212
4
14
10
11
13
0 1 1 0 
1 0 0 1 
1 0 0 0 
0 1 0 0 
18
19
16
222 216
2
13
12
0 1 
1 0 
19
223 277
2
14
15
0 1 
1 0 
18
231 271
2
12
14
0 1 
1 0 
15
245 243
3
10
11
12
0 1 0 
1 0 1 
0 1 0 
13
19
250 293
3
10
14
12
0 1 1 
1 0 1 
1 1 0 
11
19
11
252 212
3
15
13
12
0 0 1 
0 0 1 
1 1 0 
19
13
255 227
3
14
11
12
0 1 1 
1 0 0 
1 0 0 
11
19
268 253
3
10
13
13
0 0 1 
0 0 1 
1 1 0 
11
17
274 279
3
11
14
12
0 1 1 
1 0 0 
1 0 0 
12
19
276 271
4
12
14
10
14
0 1 1 1 
1 0 1 1 
1 1 0 0 
1 1 0 0 
19
18
17
10
13
277 218
3
11
10
15
0 1 1 
1 0 1 
1 1 0 
15
10
17
279 235
3
10
15
11
0 1 0 
1 0 1 
0 1 0 
17
20
281 255
4
14
10
15
15
0 1 0 0 
1 0 0 1 
0 0 0 1 
0 1 1 0 
20
19
17
283 238
2
15
12
0 1 
1 0 
20
285 229
3
12
12
11
0 1 1 
1 0 1 
1 1 0 
17
18
14
286 219
3
14
10
11
0 1 1 
1 0 0 
1 0 0 
13
17
290 295
3
12
15
10
0 1 1 
1 0 1 
1 1 0 
18
14
10
291 264
4
12
14
13
12
0 1 1 1 
1 0 1 1 
1 1 0 1 
1 1 1 0 
19
14
15
14
12
19
295 218
3
13
14
12
0 0 1 
0 0 1 
1 1 0 
15
15
296 227
4
14
12
10
12
0 1 1 1 
1 0 1 1 
1 1 0 1 
1 1 1 0 
14
20
19
19
13
18
298 228
3
11
13
15
0 1 1 
1 0 1 
1 1 0 
16
13
12
302 237
2
15
15
0 1 
1 0 
14
304 274
2
14
14
0 1 
1 0 
16
305 217
2
13
13
0 1 
1 0 
19
308 222
3
15
10
12
0 1 1 
1 0 1 
1 1 0 
13
14
12
310 270
4
12
15
10
11
0 1 1 0 
1 0 0 0 
1 0 0 1 
0 0 1 0 
10
20
19
312 213
2
11
13
0 1 
1 0 
12
320 250
4
11
11
11
15
0 0 1 1 
0 0 1 1 
1 1 0 0 
1 1 0 0 
14
14
11
13
325 266
4
15
10
10
11
0 1 1 0 
1 0 0 1 
1 0 0 1 
0 1 1 0 
15
10
12
14
327 269
4
10
12
12
15
0 1 1 1 
1 0 1 1 
1 1 0 0 
1 1 0 0 
13
19
11
13
13
329 266
4
10
13
11
11
0 1 0 1 
1 0 1 1 
0 1 0 1 
1 1 1 0 
16
11
15
19
13
331 205
3
14
15
10
0 0 1 
0 0 1 
1 1 0 
13
17
335 272
3
10
12
14
0 1 0 
1 0 1 
0 1 0 
15
17
336 246
2
10
13
0 1 
1 0 
17
338 262
3
11
13
15
0 1 0 
1 0 1 
0 1 0 
16
17
355 230
3
14
11
11
0 1 1 
1 0 0 
1 0 0 
13
19
357 213
2
10
12
0 1 
1 0 
17
360 276
2
11
13
0 1 
1 0 
18
361 252
4
11
11
15
13
0 0 1 1 
0 0 0 1 
1 0 0 1 
1 1 1 0 
13
10
13
20
362 289
3
12
11
14
0 0 1 
0 0 1 
1 1 0 
16
10
373 210
4
13
12
13
10
0 0 1 1 
0 0 1 0 
1 1 0 1 
1 0 1 0 
17
14
16
18
375 264
3
10
13
10
0 1 1 
1 0 1 
1 1 0 
11
15
13
383 223
4
12
14
10
15
0 1 1 1 
1 0 0 1 
1 0 0 0 
1 1 0 0 
14
12
15
18
389 265
3
11
11
10
0 1 1 
1 0 0 
1 0 0 
18
12
390 285
3
11
15
11
0 1 1 
1 0 0 
1 0 0 
18
15
394 297
4
11
10
10
12
0 1 1 0 
1 0 1 0 
1 1 0 1 
0 0 1 0 
19
14
14
11
400 271
3
14
12
15
0 0 1 
0 0 1 
1 1 0 
16
18
403 249
2
10
12
0 1 
1 0 
10
408 203
3
14
10
12
0 1 0 
1 0 1 
0 1 0 
18
15
409 235
3
11
12
13
0 1 1 
1 0 1 
1 1 0 
15
16
10
412 242
4
13
14
10
15
0 1 0 1 
1 0 1 1 
0 1 0 1 
1 1 1 0 
16
13
17
13
19
417 235
4
10
14
12
11
0 1 1 0 
1 0 0 1 
1 0 0 1 
0 1 1 0 
16
14
10
13
419 254
3
11
11
11
0 1 0 
1 0 1 
0 1 0 
19
17
423 245
2
12
12
0 1 
1 0 
12
424 241
4
13
15
14
11
0 0 1 1 
0 0 1 0 
1 1 0 0 
1 0 0 0 
18
12
20
425 261
3
12
12
11
0 1 0 
1 0 1 
0 1 0 
14
18
432 258
2
11
10
0 1 
1 0 
17
433 272
4
11
10
11
15
0 0 1 0 
0 0 1 0 
1 1 0 1 
0 0 1 0 
11
20
12
434 279
2
12
13
0 1 
1 0 
18
435 229
2
12
12
0 1 
1 0 
16
437 281
4
11
10
13
13
0 1 1 1 
1 0 1 1 
1 1 0 1 
1 1 1 0 
18
16
13
11
16
20
452 247
3
10
11
15
0 1 1 
1 0 1 
1 1 0 
11
17
12
459 281
2
10
15
0 1 
1 0 
20
460 201
2
13
12
0 1 
1 0 
19
466 259
3
14
10
12
0 1 1 
1 0 0 
1 0 0 
18
17
467 222
2
10
15
0 1 
1 0 
15
469 233
4
14
12
11
14
0 1 1 0 
1 0 1 1 
1 1 0 1 
0 1 1 0 
14
10
11
17
16
478 290
2
13
11
0 1 
1 0 
12
483 282
4
15
13
11
12
0 1 1 1 
1 0 0 1 
1 0 0 0 
1 1 0 0 
20
20
10
15
486 271
2
13
14
0 1 
1 0 
20
487 215
2
13
14
0 1 
1 0 
11
489 259
3
12
10
13
0 1 1 
1 0 0 
1 0 0 
17
17
491 269
2
13
14
0 1 
1 0 
17
497 265
4
13
11
15
10
0 0 1 1 
0 0 0 1 
1 0 0 0 
1 1 0 0 
18
18
14
498 287
4
12
14
10
14
0 1 1 1 
1 0 1 1 
1 1 0 0 
1 1 0 0 
17
10
10
19
15
501 224
2
14
11
0 1 
1 0 
11
502 264
4
10
10
13
11
0 0 1 1 
0 0 1 1 
1 1 0 0 
1 1 0 0 
13
14
15
12
503 238
3
12
15
15
0 1 0 
1 0 1 
0 1 0 
20
15
506 207
4
12
14
15
10
0 0 1 0 
0 0 1 0 
1 1 0 1 
0 0 1 0 
14
16
13
509 266
2
14
12
0 1 
1 0 
15
510 237
2
14
10
0 1 
1 0 
17
512 284
3
12
10
12
0 1 1 
1 0 1 
1 1 0 
16
19
19
517 250
4
15
14
13
10
0 1 0 0 
1 0 1 1 
0 1 0 0 
0 1 0 0 
10
12
12
519 286
2
13
12
0 1 
1 0 
14
522 267
4
11
10
12
11
0 1 0 0 
1 0 1 1 
0 1 0 1 
0 1 1 0 
20
19
12
19
524 218
2
14
14
0 1 
1 0 
17
545 250
2
14
14
0 1 
1 0 
14
550 280
3
12
14
12
0 1 1 
1 0 0 
1 0 0 
19
18
551 219
2
15
15
0 1 
1 0 
15
559 252
4
11
13
11
13
0 0 0 1 
0 0 1 0 
0 1 0 1 
1 0 1 0 
12
10
20
561 213
4
11
15
11
11
0 0 1 1 
0 0 1 1 
1 1 0 0 
1 1 0 0 
13
11
16
12
562 262
3
10
13
11
0 1 1 
1 0 1 
1 1 0 
18
16
19
563 296
2
14
13
0 1 
1 0 
17
566 261
3
15
10
11
0 1 0 
1 0 1 
0 1 0 
12
15
568 213
4
13
15
10
11
0 1 1 1 
1 0 0 1 
1 0 0 1 
1 1 1 0 
15
16
10
17
16
573 224
4
10
11
11
14
0 0 1 0 
0 0 1 1 
1 1 0 1 
0 1 1 0 
15
16
13
12
579 252
3
10
13
10
0 1 1 
1 0 0 
1 0 0 
20
14
587 282
4
10
11
12
11
0 1 1 1 
1 0 0 1 
1 0 0 0 
1 1 0 0 
13
10
13
12
589 209
3
15
12
12
0 1 1 
1 0 1 
1 1 0 
13
20
11
594 223
3
12
14
15
0 1 1 
1 0 1 
1 1 0 
17
14
11
597 272
4
12
10
12
11
0 1 1 0 
1 0 1 1 
1 1 0 0 
0 1 0 0 
10
18
14
13
604 277
2
10
13
0 1 
1 0 
12
607 282
2
15
15
0 1 
1 0 
18
610 228
4
10
11
12
10
0 0 1 0 
0 0 1 1 
1 1 0 0 
0 1 0 0 
11
13
20
613 232
4
11
10
11
13
0 1 0 1 
1 0 1 0 
0 1 0 1 
1 0 1 0 
11
17
11
11
617 233
2
11
12
0 1 
1 0 
10
619 241
2
15
10
0 1 
1 0 
20
621 231
2
13
14
0 1 
1 0 
19
624 229
3
12
14
12
0 1 1 
1 0 1 
1 1 0 
17
17
19
627 291
2
12
11
0 1 
1 0 
14
633 239
3
14
14
15
0 1 1 
1 0 1 
1 1 0 
18
11
10
637 265
3
15
15
13
0 1 0 
1 0 1 
0 1 0 
15
19
642 207
2
10
15
0 1 
1 0 
12
643 221
2
12
12
0 1 
1 0 
16
647 284
2
15
12
0 1 
1 0 
13
648 216
4
12
13
10
13
0 1 1 0 
1 0 1 1 
1 1 0 0 
0 1 0 0 
16
16
11
15
652 284
4
11
10
13
11
0 0 1 0 
0 0 0 1 
1 0 0 1 
0 1 1 0 
19
12
16
659 221
3
14
11
12
0 1 1 
1 0 1 
1 1 0 
10
16
16
664 293
3
11
10
15
0 0 1 
0 0 1 
1 1 0 
20
16
680 238
2
15
15
0 1 
1 0 
20
687 242
3
11
12
12
0 1 1 
1 0 0 
1 0 0 
10
20
705 244
3
10
14
14
0 1 1 
1 0 1 
1 1 0 
19
15
10
712 225
2
11
11
0 1 
1 0 
11
714 205
3
15
15
14
0 1 0 
1 0 1 
0 1 0 
16
16
723 290
4
15
13
14
14
0 1 1 1 
1 0 1 0 
1 1 0 1 
1 0 1 0 
15
12
13
18
11
724 238
2
13
15
0 1 
1 0 
13
726 270
2
11
14
0 1 
1 0 
17
728 246
3
12
14
12
0 1 1 
1 0 1 
1 1 0 
17
13
15
732 278
4
12
11
13
15
0 1 0 1 
1 0 1 0 
0 1 0 1 
1 0 1 0 
20
16
17
16
734 234
2
11
10
0 1 
1 0 
10
735 209
4
11
10
12
10
0 1 1 1 
1 0 1 1 
1 1 0 0 
1 1 0 0 
11
11
15
18
13
736 215
4
12
15
11
10
0 1 0 0 
1 0 1 0 
0 1 0 1 
0 0 1 0 
13
20
17
738 217
2
15
15
0 1 
1 0 
11
744 209
4
14
12
11
11
0 1 1 0 
1 0 1 1 
1 1 0 1 
0 1 1 0 
10
17
15
10
11
749 200
2
11
10
0 1 
1 0 
15
758 291
4
15
11
10
11
0 0 0 1 
0 0 1 1 
0 1 0 1 
1 1 1 0 
14
11
13
12
759 235
3
11
10
13
0 1 1 
1 0 0 
1 0 0 
19
13
761 293
4
12
14
15
11
0 1 1 1 
1 0 1 1 
1 1 0 1 
1 1 1 0 
18
10
13
11
14
19
764 293
4
15
13
14
15
0 1 1 0 
1 0 0 1 
1 0 0 0 
0 1 0 0 
19
12
15
766 264
2
10
14
0 1 
1 0 
18
767 261
2
12
12
0 1 
1 0 
16
773 206
4
12
15
13
15
0 1 0 1 
1 0 1 0 
0 1 0 1 
1 0 1 0 
12
10
16
14
774 262
3
15
13
13
0 0 1 
0 0 1 
1 1 0 
19
18
783 225
3
14
11
13
0 1 1 
1 0 1 
1 1 0 
19
13
19
786 279
3
10
14
15
0 1 1 
1 0 1 
1 1 0 
12
17
14
792 274
2
10
10
0 1 
1 0 
13
800 283
4
11
15
14
12
0 1 0 1 
1 0 0 0 
0 0 0 1 
1 0 1 0 
15
19
17
801 212
2
12
14
0 1 
1 0 
18
802 256
4
11
12
10
15
0 0 1 0 
0 0 1 1 
1 1 0 1 
0 1 1 0 
17
18
15
18
810 217
4
10
12
14
12
0 0 1 1 
0 0 1 0 
1 1 0 0 
1 0 0 0 
18
12
16
813 274
3
15
12
13
0 1 1 
1 0 1 
1 1 0 
10
16
19
823 216
3
14
14
15
0 1 1 
1 0 1 
1 1 0 
20
19
17
828 210
2
11
10
0 1 
1 0 
15
831 211
4
15
15
10
12
0 1 1 1 
1 0 0 0 
1 0 0 0 
1 0 0 0 
12
17
12
835 263
3
15
10
15
0 1 0 
1 0 1 
0 1 0 
14
19
836 242
3
10
13
13
0 1 0 
1 0 1 
0 1 0 
19
10
838 267
2
11
14
0 1 
1 0 
14
841 207
2
12
13
0 1 
1 0 
14
845 269
2
12
14
0 1 
1 0 
15
849 211
3
10
14
15
0 1 0 
1 0 1 
0 1 0 
10
18
851 204
4
13
10
12
15
0 1 0 1 
1 0 0 0 
0 0 0 1 
1 0 1 0 
16
20
19
854 250
3
13
10
13
0 0 1 
0 0 1 
1 1 0 
15
19
857 208
3
12
10
12
0 0 1 
0 0 1 
1 1 0 
13
16
862 253
2
15
10
0 1 
1 0 
20
865 255
2
10
12
0 1 
1 0 
12
867 235
4
10
10
11
14
0 1 0 1 
1 0 1 0 
0 1 0 0 
1 0 0 0 
12
19
15
869 229
2
12
12
0 1 
1 0 
13
876 207
4
14
15
13
15
0 1 0 0 
1 0 0 1 
0 0 0 1 
0 1 1 0 
10
12
16
878 246
2
10
13
0 1 
1 0 
10
894 265
3
15
13
14
0 1 1 
1 0 0 
1 0 0 
18
19
897 287
3
12
15
13
0 1 1 
1 0 1 
1 1 0 
17
18
11
907 221
3
10
10
10
0 1 0 
1 0 1 
0 1 0 
11
11
910 214
4
10
10
10
10
0 0 1 0 
0 0 0 1 
1 0 0 1 
0 1 1 0 
15
11
14
915 235
2
11
14
0 1 
1 0 
18
924 235
4
15
14
12
11
0 1 0 0 
1 0 0 1 
0 0 0 1 
0 1 1 0 
17
17
16
926 244
3
15
15
10
0 1 1 
1 0 1 
1 1 0 
18
12
14
936 239
3
15
14
14
0 1 1 
1 0 1 
1 1 0 
11
17
17
937 214
2
13
14
0 1 
1 0 
16
939 241
4
15
11
15
10
0 1 1 1 
1 0 1 1 
1 1 0 0 
1 1 0 0 
19
17
16
16
16
943 244
2
13
10
0 1 
1 0 
13
944 231
3
11
11
10
0 1 1 
1 0 0 
1 0 0 
18
17
946 204
4
10
10
10
15
0 1 1 1 
1 0 0 1 
1 0 0 0 
1 1 0 0 
14
20
20
12
947 209
4
15
15
12
14
0 1 1 1 
1 0 1 1 
1 1 0 1 
1 1 1 0 
16
11
18
16
11
10
951 205
2
13
14
0 1 
1 0 
16
953 222
2
12
11
0 1 
1 0 
16
954 218
4
14
15
15
13
0 0 1 1 
0 0 0 1 
1 0 0 1 
1 1 1 0 
10
14
11
16
956 268
2
10
11
0 1 
1 0 
19
957 253
3
12
10
12
0 1 0 
1 0 1 
0 1 0 
20
11
958 271
3
10
13
11
0 1 1 
1 0 0 
1 0 0 
13
10
962 295
4
15
12
15
14
0 1 1 1 
1 0 0 1 
1 0 0 0 
1 1 0 0 
14
19
19
20
972 229
4
10
15
10
15
0 0 1 1 
0 0 1 0 
1 1 0 0 
1 0 0 0 
11
10
11
974 235
3
15
10
14
0 1 0 
1 0 1 
0 1 0 
13
13
977 260
2
15
13
0 1 
1 0 
11
978 216
2
14
10
0 1 
1 0 
19
979 296
3
10
11
10
0 1 0 
1 0 1 
0 1 0 
20
11
981 260
3
15
13
13
0 1 1 
1 0 1 
1 1 0 
14
12
17
982 258
4
15
13
15
10
0 1 1 0 
1 0 1 1 
1 1 0 0 
0 1 0 0 
14
15
15
14
987 263
4
14
14
11
12
0 1 0 1 
1 0 1 1 
0 1 0 0 
1 1 0 0 
19
15
18
14
996 203
3
11
13
13
0 1 1 
1 0 1 
1 1 0 
18
18
14