2 288
4
10
11
15
11
0 0 1 1 
0 0 1 0 
1 1 0 1 
1 0 1 0 
15
15
12
13
3 206
2
14
10
0 1 
1 0 
14
14 227
3
14
14
14
0 0 1 
0 0 1 
1 1 0 
16
18
15 218
4
15
12
15
12
0 0 0 1 
0 0 1 1 
0 1 0 0 
1 1 0 0 
16
20
16
16 234
4
15
15
10
14
0 1 1 1 
1 0 0 0 
1 0 0 1 
1 0 1 0 
20
13
12
14
18 238
3
15
13
14
0 1 1 
1 0 0 
1 0 0 
14
12
22 223
4
11
14
13
10
0 1 1 1 
1 0 0 0 
1 0 0 0 
1 0 0 0 
13
12
19
23 241
3
13
15
11
0 1 1 
1 0 1 
1 1 0 
18
17
19
27 232
3
12
10
12
0 1 0 
1 0 1 
0 1 0 
14
20
28 244
2
10
14
0 1 
1 0 
13
30 251
2
10
11
0 1 
1 0 
11
36 241
2
10
13
0 1 
1 0 
20
37 268
4
10
15
10
13
0 1 1 1 
1 0 0 0 
1 0 0 0 
1 0 0 0 
12
10
13
41 283
3
12
15
14
0 1 1 
1 0 1 
1 1 0 
10
15
18
45 258
4
12
12
15
15
0 0 0 1 
0 0 1 1 
0 1 0 0 
1 1 0 0 
17
12
16
47 265
4
10
12
14
11
0 1 1 0 
1 0 0 1 
1 0 0 0 
0 1 0 0 
18
12
19
55 256
3
10
12
10
0 1 1 
1 0 0 
1 0 0 
17
17
65 214
2
14
12
0 1 
1 0 
19
73 239
2
11
15
0 1 
1 0 
10
78 260
3
10
11
10
0 1 1 
1 0 1 
1 1 0 
10
17
10
80 292
3
12
10
15
0 1 1 
1 0 1 
1 1 0 
14
16
12
89 255
2
14
13
0 1 
1 0 
16
93 224
3
15
11
15
0 1 1 
1 0 1 
1 1 0 
19
17
13
96 220
3
11
14
12
0 1 0 
1 0 1 
0 1 0 
17
11
100 254
3
15
10
12
0 1 1 
1 0 1 
1 1 0 
20
20
12
103 261
4
11
15
11
11
0 1 1 0 
1 0 0 0 
1 0 0 1 
0 0 1 0 
15
17
18
104 290
3
12
11
13
0 1 0 
1 0 1 
0 1 0 
12
19
109 284
3
14
14
13
0 1 1 
1 0 0 
1 0 0 
20
19
115 209
4
14
11
10
15
0 1 1 1 
1 0 0 0 
1 0 0 1 
1 0 1 0 
14
18
17
18
123 276
4
12
11
10
11
0 1 1 1 
1 0 0 0 
1 0 0 0 
1 0 0 0 
11
19
13
124 218
3
13
12
10
0 1 1 
1 0 1 
1 1 0 
14
20
10
135 239
4
12
11
11
10
0 1 0 1 
1 0 0 1 
0 0 0 1 
1 1 1 0 
13
12
17
13
138 236
3
12
15
13
0 1 1 
1 0 0 
1 0 0 
18
19
141 236
2
13
15
0 1 
1 0 
12
164 215
3
10
13
12
0 1 0 
1 0 1 
0 1 0 
15
12
165 259
3
10
13
13
0 1 1 
1 0 0 
1 0 0 
10
16
174 237
2
13
14
0 1 
1 0 
11
175 246
3
12
10
14
0 1 1 
1 0 0 
1 0 0 
19
20
176 283
3
14
15
14
0 1 1 
1 0 0 
1 0 0 
16
13
179 265
4
12
10
10
14
0 1 0 0 
1 0 1 1 
0 1 0 1 
0 1 1 0 
20
19
15
19
180 252
3
10
14
15
0 1 1 
1 0 1 
1 1 0 
17
20
12
181 281
2
15
14
0 1 
1 0 
16
183 219
4
13
15
13
15
0 1 0 1 
1 0 1 1 
0 1 0 0 
1 1 0 0 
16
16
14
19
184 242
4
12
13
14
11
0 1 1 0 
1 0 0 1 
1 0 0 1 
0 1 1 0 
10
11
17
14
185 217
4
11
14
14
10
0 1 1 1 
1 0 1 1 
1 1 0 0 
1 1 0 0 
19
17
13
19
10
189 224
4
10
15
15
12
0 0 1 1 
0 0 1 0 
1 1 0 0 
1 0 0 0 
18
13
14
199 219
2
13
12
0 1 
1 0 
19
201 296
3
11
14
13
0 1 1 
1 0 1 
1 1 0 
12
15
13
217 238
4
12
15
10
11
0 0 0 1 
0 0 0 1 
0 0 0 1 
1 1 1 0 
17
12
20
218 225
3
14
12
11
0 1 1 
1 0 1 
1 1 0 
17
16
19
223 208
4
13
10
10
13
0 1 1 0 
1 0 1 1 
1 1 0 0 
0 1 0 0 
20
15
19
12
224 289
4
15
12
11
15
0 1 0 1 
1 0 1 1 
0 1 0 1 
1 1 1 0 
12
18
10
20
12
228 238
3
15
15
13
0 1 1 
1 0 1 
1 1 0 
11
18
19
233 245
2
12
15
0 1 
1 0 
15
235 277
3
15
10
13
0 1 0 
1 0 1 
0 1 0 
14
15
238 272
2
13
13
0 1 
1 0 
12
242 278
4
10
13
11
11
0 1 0 0 
1 0 0 1 
0 0 0 1 
0 1 1 0 
17
11
12
243 263
4
13
12
13
15
0 0 1 1 
0 0 1 1 
1 1 0 1 
1 1 1 0 
16
20
10
11
20
245 285
2
10
15
0 1 
1 0 
17
252 295
4
12
12
12
10
0 1 1 1 
1 0 1 1 
1 1 0 1 
1 1 1 0 
17
15
11
11
10
10
260 270
2
12
12
0 1 
1 0 
11
266 243
2
10
13
0 1 
1 0 
12
269 204
3
12
13
15
0 1 0 
1 0 1 
0 1 0 
12
18
271 239
3
15
10
14
0 0 1 
0 0 1 
1 1 0 
20
13
276 261
3
12
10
12
0 1 1 
1 0 0 
1 0 0 
17
20
278 207
3
12
10
15
0 0 1 
0 0 1 
1 1 0 
16
12
279 258
4
10
14
15
11
0 0 0 1 
0 0 1 0 
0 1 0 1 
1 0 1 0 
13
14
20
280 295
3
11
13
13
0 0 1 
0 0 1 
1 1 0 
18
19
290 299
3
15
11
13
0 1 1 
1 0 1 
1 1 0 
14
13
13
292 290
3
11
13
14
0 1 1 
1 0 0 
1 0 0 
11
11
298 244
3
12
10
12
0 1 1 
1 0 0 
1 0 0 
20
20
301 208
3
14
12
12
0 1 0 
1 0 1 
0 1 0 
18
20
302 278
4
13
14
14
12
0 1 0 0 
1 0 0 1 
0 0 0 1 
0 1 1 0 
16
15
14
305 245
4
13
15
14
10
0 1 1 1 
1 0 0 0 
1 0 0 1 
1 0 1 0 
17
13
19
11
308 257
2
14
12
0 1 
1 0 
11
311 282
2
11
15
0 1 
1 0 
11
316 259
4
12
15
10
10
0 1 1 0 
1 0 0 1 
1 0 0 0 
0 1 0 0 
17
19
10
318 293
3
12
14
12
0 1 1 
1 0 0 
1 0 0 
13
16
320 227
2
14
12
0 1 
1 0 
19
324 234
2
13
13
0 1 
1 0 
14
326 247
4
13
12
14
15
0 1 0 1 
1 0 1 1 
0 1 0 1 
1 1 1 0 
19
14
14
15
20
329 265
3
14
10
10
0 1 1 
1 0 0 
1 0 0 
14
15
342 294
2
11
13
0 1 
1 0 
13
350 236
3
13
12
12
0 1 1 
1 0 0 
1 0 0 
18
17
352 257
4
13
15
14
10
0 0 1 0 
0 0 1 1 
1 1 0 0 
0 1 0 0 
14
10
15
355 275
4
13
12
11
15
0 1 0 0 
1 0 0 1 
0 0 0 1 
0 1 1 0 
20
15
20
356 244
3
15
13
10
0 1 1 
1 0 0 
1 0 0 
18
15
362 264
2
15
10
0 1 
1 0 
15
363 250
4
14
14
15
12
0 1 1 0 
1 0 0 1 
1 0 0 1 
0 1 1 0 
20
12
15
20
366 279
4
13
15
12
10
0 1 1 1 
1 0 0 0 
1 0 0 0 
1 0 0 0 
11
13
19
367 220
4
11
15
10
12
0 0 1 1 
0 0 0 1 
1 0 0 1 
1 1 1 0 
12
10
13
19
375 289
4
15
15
12
13
0 0 1 1 
0 0 1 1 
1 1 0 0 
1 1 0 0 
20
14
19
12
376 288
2
14
10
0 1 
1 0 
15
383 243
3
12
14
14
0 1 0 
1 0 1 
0 1 0 
16
20
384 205
4
14
12
13
12
0 0 1 1 
0 0 1 1 
1 1 0 0 
1 1 0 0 
20
17
17
12
388 241
4
15
14
13
12
0 0 1 1 
0 0 0 1 
1 0 0 1 
1 1 1 0 
16
10
10
14
389 265
4
13
10
12
13
0 1 1 1 
1 0 0 0 
1 0 0 0 
1 0 0 0 
11
18
18
391 277
4
13
14
15
12
0 1 1 1 
1 0 1 0 
1 1 0 0 
1 0 0 0 
14
14
19
19
392 213
4
14
13
14
12
0 1 0 1 
1 0 0 0 
0 0 0 1 
1 0 1 0 
18
19
12
393 237
2
13
15
0 1 
1 0 
12
403 236
2
12
12
0 1 
1 0 
14
408 297
3
12
10
12
0 1 1 
1 0 1 
1 1 0 
16
13
19
412 206
3
11
12
11
0 0 1 
0 0 1 
1 1 0 
10
16
413 208
4
10
15
14
15
0 0 1 1 
0 0 1 0 
1 1 0 0 
1 0 0 0 
18
18
19
428 297
4
10
15
11
10
0 1 1 0 
1 0 1 1 
1 1 0 0 
0 1 0 0 
12
15
13
15
434 248
3
15
12
13
0 1 0 
1 0 1 
0 1 0 
13
12
436 242
3
10
11
12
0 1 1 
1 0 1 
1 1 0 
14
16
12
437 257
3
15
15
15
0 0 1 
0 0 1 
1 1 0 
10
17
438 267
4
15
11
11
12
0 0 0 1 
0 0 1 1 
0 1 0 0 
1 1 0 0 
17
11
13
439 239
2
13
15
0 1 
1 0 
14
443 284
2
15
11
0 1 
1 0 
12
447 285
3
15
12
12
0 1 1 
1 0 1 
1 1 0 
16
15
17
454 273
2
13
11
0 1 
1 0 
18
458 200
2
13
10
0 1 
1 0 
11
460 231
2
14
14
0 1 
1 0 
11
461 252
2
13
11
0 1 
1 0 
11
464 296
3
10
11
13
0 1 1 
1 0 0 
1 0 0 
12
12
465 203
2
13
12
0 1 
1 0 
18
466 215
3
15
15
10
0 1 1 
1 0 1 
1 1 0 
16
17
10
467 261
2
13
14
0 1 
1 0 
19
472 289
2
15
13
0 1 
1 0 
19
479 278
3
15
15
14
0 1 1 
1 0 0 
1 0 0 
20
19
481 268
4
15
10
11
10
0 1 1 0 
1 0 0 1 
1 0 0 1 
0 1 1 0 
19
16
19
12
485 271
2
15
14
0 1 
1 0 
19
486 265
2
15
14
0 1 
1 0 
12
487 247
4
14
11
14
14
0 0 1 1 
0 0 1 0 
1 1 0 1 
1 0 1 0 
19
12
17
20
492 207
3
11
11
15
0 1 1 
1 0 1 
1 1 0 
17
10
15
504 251
2
12
10
0 1 
1 0 
20
507 237
3
15
15
15
0 1 1 
1 0 1 
1 1 0 
19
12
12
517 264
4
12
11
14
14
0 0 0 1 
0 0 1 1 
0 1 0 1 
1 1 1 0 
17
11
12
20
518 277
4
14
11
12
13
0 0 1 1 
0 0 1 0 
1 1 0 1 
1 0 1 0 
11
14
14
15
519 260
4
13
14
15
14
0 0 1 1 
0 0 0 1 
1 0 0 0 
1 1 0 0 
15
11
13
523 241
2
11
11
0 1 
1 0 
18
527 211
4
14
11
10
12
0 1 1 1 
1 0 0 1 
1 0 0 1 
1 1 1 0 
10
13
20
17
12
528 278
4
14
12
10
10
0 1 0 0 
1 0 1 0 
0 1 0 1 
0 0 1 0 
13
11
20
529 201
2
11
11
0 1 
1 0 
18
531 210
2
11
10
0 1 
1 0 
14
534 245
4
12
11
15
11
0 1 1 1 
1 0 1 0 
1 1 0 1 
1 0 1 0 
14
15
13
19
13
537 212
2
12
12
0 1 
1 0 
13
538 263
4
15
10
13
10
0 1 1 1 
1 0 1 1 
1 1 0 1 
1 1 1 0 
10
12
13
11
15
16
541 291
2
13
15
0 1 
1 0 
10
543 259
2
15
10
0 1 
1 0 
12
547 297
3
13
15
15
0 1 0 
1 0 1 
0 1 0 
15
17
549 215
3
12
10
12
0 1 1 
1 0 0 
1 0 0 
18
10
554 203
4
11
14
15
13
0 1 0 1 
1 0 1 0 
0 1 0 0 
1 0 0 0 
16
14
20
559 281
3
12
14
12
0 0 1 
0 0 1 
1 1 0 
14
20
561 264
4
15
15
14
13
0 0 1 1 
0 0 1 0 
1 1 0 1 
1 0 1 0 
20
14
12
18
563 272
4
10
10
15
15
0 0 0 1 
0 0 1 0 
0 1 0 1 
1 0 1 0 
11
20
19
568 263
2
12
10
0 1 
1 0 
15
574 232
2
13
13
0 1 
1 0 
18
575 249
2
11
10
0 1 
1 0 
14
576 287
4
14
14
14
11
0 1 0 0 
1 0 1 0 
0 1 0 1 
0 0 1 0 
12
19
12
577 290
3
14
13
15
0 1 1 
1 0 0 
1 0 0 
19
17
579 241
3
12
10
10
0 1 1 
1 0 1 
1 1 0 
15
15
16
580 226
2
14
13
0 1 
1 0 
14
586 288
3
12
13
15
0 1 1 
1 0 1 
1 1 0 
11
20
19
595 238
2
13
14
0 1 
1 0 
12
596 295
4
10
15
13
11
0 1 1 1 
1 0 1 0 
1 1 0 0 
1 0 0 0 
17
14
12
16
597 262
2
13
12
0 1 
1 0 
13
600 256
2
14
14
0 1 
1 0 
17
604 297
4
11
13
15
13
0 0 1 0 
0 0 1 1 
1 1 0 0 
0 1 0 0 
13
20
16
609 221
3
10
11
11
0 1 0 
1 0 1 
0 1 0 
20
10
610 241
2
11
10
0 1 
1 0 
11
617 235
2
15
10
0 1 
1 0 
11
619 284
4
14
13
13
14
0 1 0 0 
1 0 1 0 
0 1 0 1 
0 0 1 0 
18
12
10
620 214
4
10
13
11
11
0 1 0 1 
1 0 1 1 
0 1 0 1 
1 1 1 0 
20
18
15
15
16
630 267
3
12
13
15
0 1 1 
1 0 1 
1 1 0 
12
20
18
633 276
4
10
12
13
15
0 1 1 1 
1 0 1 0 
1 1 0 0 
1 0 0 0 
14
10
19
19
635 232
3
13
10
11
0 1 1 
1 0 1 
1 1 0 
19
12
13
636 225
3
11
13
11
0 1 1 
1 0 0 
1 0 0 
20
13
637 270
2
13
13
0 1 
1 0 
15
639 287
3
13
14
15
0 1 1 
1 0 1 
1 1 0 
11
16
15
640 254
3
11
14
14
0 1 0 
1 0 1 
0 1 0 
12
16
642 246
4
14
11
14
11
0 1 0 1 
1 0 0 1 
0 0 0 1 
1 1 1 0 
10
13
11
14
649 212
3
14
12
14
0 1 0 
1 0 1 
0 1 0 
10
18
653 244
4
12
15
10
11
0 0 0 1 
0 0 1 1 
0 1 0 0 
1 1 0 0 
18
15
19
655 230
3
13
15
12
0 1 1 
1 0 1 
1 1 0 
17
16
19
656 271
3
11
13
14
0 1 1 
1 0 1 
1 1 0 
11
15
16
657 238
2
13
11
0 1 
1 0 
18
661 294
4
12
12
10
11
0 1 0 1 
1 0 0 0 
0 0 0 1 
1 0 1 0 
20
14
20
673 228
3
13
10
11
0 1 1 
1 0 1 
1 1 0 
19
18
14
684 244
2
12
10
0 1 
1 0 
15
688 218
3
15
10
10
0 1 1 
1 0 0 
1 0 0 
13
11
689 216
4
14
12
14
10
0 1 0 1 
1 0 0 1 
0 0 0 1 
1 1 1 0 
13
14
15
13
694 216
2
11
10
0 1 
1 0 
18
696 203
2
14
11
0 1 
1 0 
18
699 226
3
14
10
15
0 1 1 
1 0 1 
1 1 0 
13
17
12
705 202
3
11
13
10
0 1 1 
1 0 1 
1 1 0 
17
18
14
707 228
2
13
13
0 1 
1 0 
11
709 284
2
12
15
0 1 
1 0 
10
713 284
3
11
14
12
0 0 1 
0 0 1 
1 1 0 
19
10
716 206
2
15
14
0 1 
1 0 
12
718 203
3
15
12
14
0 1 1 
1 0 1 
1 1 0 
12
16
19
719 278
2
11
15
0 1 
1 0 
11
721 240
2
14
12
0 1 
1 0 
16
723 225
3
13
11
13
0 0 1 
0 0 1 
1 1 0 
16
20
727 212
3
11
14
15
0 0 1 
0 0 1 
1 1 0 
16
10
731 287
2
10
14
0 1 
1 0 
18
736 226
4
13
15
11
15
0 1 0 0 
1 0 0 1 
0 0 0 1 
0 1 1 0 
14
10
20
739 280
2
14
14
0 1 
1 0 
18
742 217
4
11
11
10
12
0 0 0 1 
0 0 1 0 
0 1 0 1 
1 0 1 0 
12
16
10
746 239
2
11
15
0 1 
1 0 
17
750 221
2
14
14
0 1 
1 0 
20
752 228
4
12
13
10
14
0 1 1 1 
1 0 0 1 
1 0 0 1 
1 1 1 0 
16
19
11
15
18
760 207
4
11
13
13
11
0 1 1 0 
1 0 1 0 
1 1 0 1 
0 0 1 0 
19
15
13
17
762 235
3
13
11
15
0 1 1 
1 0 1 
1 1 0 
10
18
15
768 200
2
10
15
0 1 
1 0 
13
769 229
3
10
15
15
0 1 1 
1 0 0 
1 0 0 
11
13
773 274
4
10
11
14
15
0 0 1 1 
0 0 1 1 
1 1 0 0 
1 1 0 0 
19
17
20
13
778 214
3
14
14
11
0 1 1 
1 0 1 
1 1 0 
16
19
13
783 259
2
11
15
0 1 
1 0 
10
790 236
2
12
13
0 1 
1 0 
19
791 269
2
12
11
0 1 
1 0 
19
792 222
3
10
15
14
0 1 1 
1 0 1 
1 1 0 
20
12
10
795 292
4
12
12
10
14
0 1 0 1 
1 0 1 0 
0 1 0 1 
1 0 1 0 
13
19
20
11
798 233
2
10
15
0 1 
1 0 
17
801 235
3
10
12
11
0 1 1 
1 0 0 
1 0 0 
16
20
811 287
4
14
14
10
15
0 1 1 1 
1 0 1 1 
1 1 0 0 
1 1 0 0 
12
19
17
17
17
812 291
2
10
11
0 1 
1 0 
17
813 209
3
13
13
14
0 1 1 
1 0 1 
1 1 0 
18
12
11
815 212
4
11
13
14
10
0 0 0 1 
0 0 1 1 
0 1 0 1 
1 1 1 0 
14
20
18
15
816 296
2
13
10
0 1 
1 0 
11
819 281
4
15
14
10
14
0 1 1 1 
1 0 0 0 
1 0 0 1 
1 0 1 0 
10
10
14
12
821 248
3
15
13
12
0 1 0 
1 0 1 
0 1 0 
20
19
823 233
4
11
15
10
12
0 1 1 1 
1 0 0 1 
1 0 0 1 
1 1 1 0 
16
15
17
19
16
824 252
3
13
15
11
0 1 1 
1 0 1 
1 1 0 
16
13
19
828 238
2
12
11
0 1 
1 0 
12
832 274
3
11
14
14
0 1 1 
1 0 1 
1 1 0 
20
20
18
833 266
2
15
14
0 1 
1 0 
20
841 292
4
13
13
11
14
0 1 0 0 
1 0 1 1 
0 1 0 1 
0 1 1 0 
15
20
10
14
843 299
4
11
13
10
13
0 0 1 1 
0 0 0 1 
1 0 0 1 
1 1 1 0 
16
15
11
18
845 289
4
14
13
14
14
0 1 1 0 
1 0 1 1 
1 1 0 1 
0 1 1 0 
13
20
15
17
12
850 233
2
14
12
0 1 
1 0 
12
860 292
2
14
11
0 1 
1 0 
12
862 292
4
11
14
12
12
0 0 1 0 
0 0 0 1 
1 0 0 1 
0 1 1 0 
14
12
17
869 288
2
15
13
0 1 
1 0 
14
871 232
3
13
15
14
0 1 1 
1 0 1 
1 1 0 
15
20
12
886 298
2
13
14
0 1 
1 0 
20
891 267
2
15
12
0 1 
1 0 
12
895 296
4
11
14
15
11
0 1 0 1 
1 0 1 1 
0 1 0 0 
1 1 0 0 
18
20
13
20
900 266
4
15
15
12
15
0 1 0 1 
1 0 1 0 
0 1 0 0 
1 0 0 0 
11
11
17
902 208
2
13
12
0 1 
1 0 
12
905 203
3
10
10
11
0 0 1 
0 0 1 
1 1 0 
10
11
908 203
2
12
13
0 1 
1 0 
16
909 225
4
10
15
11
10
0 1 1 1 
1 0 1 1 
1 1 0 0 
1 1 0 0 
18
15
17
11
13
912 268
4
12
11
12
14
0 0 0 1 
0 0 0 1 
0 0 0 1 
1 1 1 0 
13
20
13
918 216
4
15
13
14
11
0 1 1 1 
1 0 0 0 
1 0 0 1 
1 0 1 0 
17
19
14
12
927 258
4
14
14
13
10
0 1 1 1 
1 0 0 1 
1 0 0 0 
1 1 0 0 
11
12
10
17
930 235
3
14
12
12
0 1 0 
1 0 1 
0 1 0 
11
19
931 293
2
11
12
0 1 
1 0 
16
937 239
3
11
11
14
0 1 1 
1 0 1 
1 1 0 
10
17
15
939 203
3
14
14
11
0 1 1 
1 0 0 
1 0 0 
16
13
941 204
4
14
11
14
10
0 0 1 1 
0 0 1 0 
1 1 0 0 
1 0 0 0 
17
15
15
956 211
2
11
14
0 1 
1 0 
17
959 201
2
13
13
0 1 
1 0 
19
960 239
2
10
12
0 1 
1 0 
20
962 209
4
15
10
11
10
0 0 0 1 
0 0 0 1 
0 0 0 1 
1 1 1 0 
10
17
18
965 269
2
12
13
0 1 
1 0 
13
968 223
3
15
14
11
0 1 1 
1 0 0 
1 0 0 
19
12
972 297
2
11
10
0 1 
1 0 
17
973 218
2
11
13
0 1 
1 0 
11
975 269
2
12
10
0 1 
1 0 
17
976 235
2
14
10
0 1 
1 0 
15
980 245
2
11
10
0 1 
1 0 
12
991 275
2
10
15
0 1 
1 0 
13
996 292
2
13
15
0 1 
1 0 
17