2 243
2
12
13
0 1 
1 0 
15
3 298
3
14
15
12
0 1 0 
1 0 1 
0 1 0 
10
17
4 209
4
14
10
11
11
0 1 1 1 
1 0 1 1 
1 1 0 1 
1 1 1 0 
13
11
13
18
12
11
5 205
3
15
14
11
0 1 1 
1 0 1 
1 1 0 
11
19
13
8 220
3
14
10
14
0 1 0 
1 0 1 
0 1 0 
12
15
16 270
3
14
12
15
0 1 1 
1 0 0 
1 0 0 
10
15
19 259
2
14
13
0 1 
1 0 
13
26 218
4
14
12
10
13
0 0 1 1 
0 0 1 1 
1 1 0 0 
1 1 0 0 
15
10
17
17
29 279
4
10
10
15
12
0 1 0 1 
1 0 1 0 
0 1 0 0 
1 0 0 0 
12
12
20
30 258
3
12
15
12
0 1 1 
1 0 1 
1 1 0 
20
17
17
32 254
4
13
14
15
13
0 0 1 1 
0 0 0 1 
1 0 0 1 
1 1 1 0 
15
13
16
13
35 226
3
13
11
11
0 1 1 
1 0 1 
1 1 0 
12
17
13
42 203
2
13
14
0 1 
1 0 
13
44 260
2
10
11
0 1 
1 0 
14
45 225
2
12
11
0 1 
1 0 
16
46 214
4
15
14
12
13
0 0 1 1 
0 0 1 0 
1 1 0 0 
1 0 0 0 
11
19
15
51 227
2
15
11
0 1 
1 0 
12
53 259
4
15
13
10
10
0 1 1 1 
1 0 0 0 
1 0 0 0 
1 0 0 0 
11
11
12
60 290
3
15
14
13
0 0 1 
0 0 1 
1 1 0 
18
13
64 242
4
12
11
12
13
0 1 0 1 
1 0 1 0 
0 1 0 0 
1 0 0 0 
19
17
14
79 202
3
15
11
11
0 0 1 
0 0 1 
1 1 0 
17
14
82 237
4
10
10
11
12
0 1 1 0 
1 0 0 0 
1 0 0 1 
0 0 1 0 
18
15
20
87 220
4
14
14
11
10
0 1 0 1 
1 0 1 1 
0 1 0 1 
1 1 1 0 
19
11
12
20
18
95 207
3
14
11
14
0 1 0 
1 0 1 
0 1 0 
17
11
96 218
4
12
14
13
11
0 0 1 1 
0 0 1 1 
1 1 0 1 
1 1 1 0 
15
12
11
16
16
98 247
4
14
12
11
14
0 1 0 0 
1 0 1 1 
0 1 0 0 
0 1 0 0 
16
10
16
103 268
4
13
15
14
14
0 1 0 1 
1 0 1 0 
0 1 0 0 
1 0 0 0 
19
11
20
110 261
2
15
12
0 1 
1 0 
15
116 207
3
13
12
13
0 1 0 
1 0 1 
0 1 0 
12
17
120 242
4
13
14
11
10
0 1 0 1 
1 0 0 1 
0 0 0 1 
1 1 1 0 
18
19
13
18
121 231
4
13
13
12
15
0 0 1 1 
0 0 1 1 
1 1 0 0 
1 1 0 0 
12
10
14
15
123 247
4
12
11
12
12
0 1 0 1 
1 0 1 1 
0 1 0 1 
1 1 1 0 
15
13
12
16
13
125 200
3
14
13
13
0 1 1 
1 0 1 
1 1 0 
20
10
15
131 209
2
13
10
0 1 
1 0 
17
145 284
2
15
10
0 1 
1 0 
18
154 216
2
13
15
0 1 
1 0 
10
155 233
2
10
12
0 1 
1 0 
19
158 211
3
13
14
11
0 1 1 
1 0 0 
1 0 0 
16
18
161 226
2
10
14
0 1 
1 0 
10
172 258
3
15
13
11
0 1 0 
1 0 1 
0 1 0 
17
16
181 221
4
11
11
13
15
0 1 1 1 
1 0 1 0 
1 1 0 0 
1 0 0 0 
16
18
11
11
184 273
3
15
10
15
0 0 1 
0 0 1 
1 1 0 
14
18
194 256
2
10
14
0 1 
1 0 
14
209 219
3
10
11
12
0 1 0 
1 0 1 
0 1 0 
15
19
211 253
4
13
11
10
14
0 0 1 1 
0 0 1 0 
1 1 0 1 
1 0 1 0 
17
14
15
10
214 280
4
12
10
13
15
0 1 1 0 
1 0 1 0 
1 1 0 1 
0 0 1 0 
12
20
11
10
216 244
4
11
14
15
13
0 0 1 0 
0 0 0 1 
1 0 0 1 
0 1 1 0 
10
19
14
221 244
4
14
12
10
13
0 1 0 0 
1 0 0 1 
0 0 0 1 
0 1 1 0 
16
19
18
224 232
3
12
14
15
0 1 1 
1 0 0 
1 0 0 
14
17
229 203
2
14
14
0 1 
1 0 
16
232 285
4
12
14
13
13
0 1 1 1 
1 0 1 0 
1 1 0 1 
1 0 1 0 
14
14
17
13
15
238 208
3
15
14
13
0 1 1 
1 0 0 
1 0 0 
18
16
239 279
4
12
13
13
14
0 1 1 0 
1 0 0 1 
1 0 0 0 
0 1 0 0 
10
14
12
243 291
3
15
14
13
0 1 0 
1 0 1 
0 1 0 
14
13
245 295
2
14
11
0 1 
1 0 
12
249 257
3
14
12
10
0 1 1 
1 0 1 
1 1 0 
12
10
10
253 257
3
15
10
15
0 1 1 
1 0 1 
1 1 0 
13
12
14
257 242
3
12
15
10
0 0 1 
0 0 1 
1 1 0 
17
16
261 274
2
12
10
0 1 
1 0 
18
265 245
2
10
13
0 1 
1 0 
16
266 222
4
11
11
13
11
0 1 1 1 
1 0 0 0 
1 0 0 0 
1 0 0 0 
17
15
19
268 209
2
15
14
0 1 
1 0 
17
272 267
3
15
13
15
0 0 1 
0 0 1 
1 1 0 
19
16
275 233
3
12
11
15
0 1 1 
1 0 0 
1 0 0 
14
15
287 246
4
11
14
11
14
0 0 1 0 
0 0 0 1 
1 0 0 1 
0 1 1 0 
17
12
19
288 274
3
12
10
10
0 1 1 
1 0 1 
1 1 0 
13
13
11
290 243
2
14
10
0 1 
1 0 
12
295 298
4
11
12
10
15
0 1 0 0 
1 0 0 1 
0 0 0 1 
0 1 1 0 
12
12
16
303 221
2
11
15
0 1 
1 0 
12
307 217
3
14
14
10
0 1 1 
1 0 1 
1 1 0 
13
16
15
313 289
2
14
15
0 1 
1 0 
16
316 254
4
15
15
11
11
0 1 1 0 
1 0 0 1 
1 0 0 1 
0 1 1 0 
20
10
10
11
318 253
2
14
12
0 1 
1 0 
14
327 240
4
12
14
12
14
0 1 0 1 
1 0 1 1 
0 1 0 0 
1 1 0 0 
10
14
16
17
331 288
4
11
11
15
13
0 0 1 0 
0 0 1 1 
1 1 0 0 
0 1 0 0 
17
13
20
336 281
4
11
12
13
12
0 1 0 0 
1 0 1 1 
0 1 0 1 
0 1 1 0 
18
12
19
19
339 262
4
11
14
12
12
0 0 1 0 
0 0 0 1 
1 0 0 1 
0 1 1 0 
17
11
12
341 204
3
12
11
10
0 1 1 
1 0 1 
1 1 0 
18
12
19
343 228
4
10
15
15
12
0 0 1 0 
0 0 1 1 
1 1 0 1 
0 1 1 0 
17
16
10
14
344 207
2
15
11
0 1 
1 0 
15
349 287
2
10
12
0 1 
1 0 
15
350 236
2
14
12
0 1 
1 0 
11
353 234
3
12
10
10
0 1 0 
1 0 1 
0 1 0 
10
20
366 278
2
12
12
0 1 
1 0 
13
369 271
3
12
11
10
0 1 1 
1 0 1 
1 1 0 
12
14
20
372 245
3
12
12
11
0 0 1 
0 0 1 
1 1 0 
17
20
375 214
2
12
11
0 1 
1 0 
11
377 204
4
13
13
10
15
0 1 0 0 
1 0 1 1 
0 1 0 1 
0 1 1 0 
20
12
11
14
378 274
4
15
15
11
14
0 0 1 0 
0 0 0 1 
1 0 0 1 
0 1 1 0 
19
11
15
383 294
2
11
12
0 1 
1 0 
13
386 299
3
10
13
10
0 1 0 
1 0 1 
0 1 0 
18
11
387 211
2
14
13
0 1 
1 0 
16
394 257
3
13
14
11
0 1 1 
1 0 1 
1 1 0 
12
15
14
396 210
4
10
13
13
14
0 0 1 1 
0 0 0 1 
1 0 0 0 
1 1 0 0 
13
19
12
398 283
4
14
10
12
13
0 0 1 1 
0 0 1 1 
1 1 0 0 
1 1 0 0 
14
20
10
12
403 244
2
11
11
0 1 
1 0 
18
417 250
2
11
13
0 1 
1 0 
15
421 244
2
15
15
0 1 
1 0 
10
422 228
3
14
12
14
0 1 0 
1 0 1 
0 1 0 
19
20
423 298
4
14
14
11
15
0 1 0 1 
1 0 1 1 
0 1 0 0 
1 1 0 0 
17
13
10
12
425 253
3
13
14
12
0 1 1 
1 0 0 
1 0 0 
17
17
430 212
3
12
14
13
0 1 1 
1 0 1 
1 1 0 
15
17
17
432 299
2
13
15
0 1 
1 0 
15
435 299
4
13
11
13
13
0 1 0 1 
1 0 1 1 
0 1 0 0 
1 1 0 0 
10
13
10
20
437 267
4
15
10
11
14
0 1 0 1 
1 0 1 1 
0 1 0 0 
1 1 0 0 
20
17
18
11
439 288
2
14
11
0 1 
1 0 
19
455 207
4
13
15
14
14
0 1 0 1 
1 0 0 1 
0 0 0 1 
1 1 1 0 
17
13
13
20
465 289
4
13
11
10
13
0 1 0 1 
1 0 1 1 
0 1 0 0 
1 1 0 0 
11
17
12
20
471 268
2
14
15
0 1 
1 0 
20
479 265
4
12
14
12
13
0 1 0 0 
1 0 0 1 
0 0 0 1 
0 1 1 0 
16
10
14
483 234
4
11
10
10
13
0 0 1 1 
0 0 1 1 
1 1 0 0 
1 1 0 0 
18
13
11
10
493 255
2
10
15
0 1 
1 0 
16
497 252
3
14
15
15
0 0 1 
0 0 1 
1 1 0 
17
17
500 266
2
13
15
0 1 
1 0 
12
501 288
3
14
14
14
0 1 1 
1 0 0 
1 0 0 
19
19
510 296
4
13
13
13
12
0 1 1 1 
1 0 1 1 
1 1 0 0 
1 1 0 0 
10
11
13
17
14
512 202
2
11
12
0 1 
1 0 
14
516 245
4
13
12
10
12
0 0 1 1 
0 0 1 0 
1 1 0 1 
1 0 1 0 
15
17
11
12
519 212
3
14
13
10
0 0 1 
0 0 1 
1 1 0 
15
10
522 290
4
11
13
14
11
0 1 1 0 
1 0 0 1 
1 0 0 0 
0 1 0 0 
15
15
15
523 226
4
13
11
10
14
0 1 1 1 
1 0 1 0 
1 1 0 0 
1 0 0 0 
17
11
12
12
534 245
4
14
10
12
15
0 0 0 1 
0 0 1 0 
0 1 0 1 
1 0 1 0 
18
18
20
535 241
3
13
15
14
0 1 1 
1 0 0 
1 0 0 
16
12
541 265
2
14
11
0 1 
1 0 
10
547 208
2
10
13
0 1 
1 0 
19
550 242
3
11
15
11
0 1 1 
1 0 0 
1 0 0 
17
12
555 297
4
13
10
15
12
0 1 1 0 
1 0 1 1 
1 1 0 1 
0 1 1 0 
12
12
12
16
11
556 280
4
13
10
10
13
0 0 0 1 
0 0 1 1 
0 1 0 0 
1 1 0 0 
15
13
18
562 226
3
10
14
12
0 1 1 
1 0 1 
1 1 0 
14
19
13
567 271
4
15
15
10
10
0 1 0 0 
1 0 1 1 
0 1 0 0 
0 1 0 0 
18
17
15
571 220
3
12
11
14
0 1 0 
1 0 1 
0 1 0 
20
20
580 223
4
14
12
15
14
0 0 1 1 
0 0 0 1 
1 0 0 0 
1 1 0 0 
11
20
19
584 231
4
12
13
13
15
0 1 1 0 
1 0 0 1 
1 0 0 1 
0 1 1 0 
16
12
18
16
589 251
2
13
13
0 1 
1 0 
11
592 232
4
10
10
13
14
0 1 1 0 
1 0 0 1 
1 0 0 1 
0 1 1 0 
16
18
10
18
595 226
4
14
13
12
14
0 0 0 1 
0 0 1 0 
0 1 0 1 
1 0 1 0 
11
12
19
596 282
2
15
14
0 1 
1 0 
14
597 258
2
14
14
0 1 
1 0 
18
599 297
2
13
13
0 1 
1 0 
18
600 201
4
11
15
12
11
0 1 1 1 
1 0 0 1 
1 0 0 0 
1 1 0 0 
19
20
18
12
601 215
4
13
12
10
10
0 1 1 0 
1 0 0 0 
1 0 0 1 
0 0 1 0 
17
13
10
608 277
4
10
14
12
13
0 1 1 1 
1 0 0 1 
1 0 0 1 
1 1 1 0 
19
16
17
15
13
613 278
3
15
13
15
0 1 1 
1 0 0 
1 0 0 
19
14
614 295
2
13
11
0 1 
1 0 
14
634 255
3
15
10
15
0 1 1 
1 0 0 
1 0 0 
10
14
637 211
4
11
10
11
10
0 1 0 1 
1 0 1 1 
0 1 0 1 
1 1 1 0 
20
10
17
12
19
639 267
3
13
11
10
0 1 1 
1 0 1 
1 1 0 
11
18
15
640 283
3
15
14
14
0 1 1 
1 0 0 
1 0 0 
11
18
641 258
4
15
10
12
12
0 1 0 1 
1 0 0 1 
0 0 0 1 
1 1 1 0 
20
10
14
20
645 240
3
15
15
15
0 0 1 
0 0 1 
1 1 0 
13
15
647 270
4
14
13
11
15
0 0 1 1 
0 0 1 1 
1 1 0 1 
1 1 1 0 
12
17
10
11
20
653 203
3
14
13
15
0 1 0 
1 0 1 
0 1 0 
15
14
655 201
2
12
13
0 1 
1 0 
15
668 222
2
14
12
0 1 
1 0 
13
675 231
2
12
14
0 1 
1 0 
11
677 201
3
13
11
11
0 0 1 
0 0 1 
1 1 0 
13
19
680 251
4
12
13
11
10
0 1 1 0 
1 0 1 0 
1 1 0 1 
0 0 1 0 
15
17
16
12
691 281
3
15
13
12
0 1 1 
1 0 0 
1 0 0 
20
12
701 253
2
12
12
0 1 
1 0 
20
708 267
2
13
11
0 1 
1 0 
18
709 274
2
11
11
0 1 
1 0 
10
717 295
2
13
11
0 1 
1 0 
16
718 268
2
12
10
0 1 
1 0 
17
724 223
2
12
14
0 1 
1 0 
11
725 230
4
10
14
15
10
0 1 0 0 
1 0 1 1 
0 1 0 0 
0 1 0 0 
16
15
15
726 268
2
10
12
0 1 
1 0 
17
732 200
3
11
15
12
0 0 1 
0 0 1 
1 1 0 
11
10
735 225
4
15
14
11
15
0 1 1 0 
1 0 1 1 
1 1 0 0 
0 1 0 0 
10
20
10
10
737 278
2
13
10
0 1 
1 0 
18
741 205
3
15
15
13
0 1 1 
1 0 1 
1 1 0 
20
15
11
745 287
2
12
15
0 1 
1 0 
10
746 241
2
10
11
0 1 
1 0 
15
748 224
3
13
14
14
0 1 1 
1 0 0 
1 0 0 
18
19
751 272
2
12
14
0 1 
1 0 
13
758 202
2
10
10
0 1 
1 0 
10
760 224
3
13
12
14
0 0 1 
0 0 1 
1 1 0 
12
19
765 233
4
11
13
13
15
0 1 0 1 
1 0 1 0 
0 1 0 0 
1 0 0 0 
12
17
12
767 202
3
11
10
10
0 1 0 
1 0 1 
0 1 0 
13
17
768 273
3
11
12
11
0 0 1 
0 0 1 
1 1 0 
16
18
769 266
2
14
14
0 1 
1 0 
15
777 254
4
15
11
13
10
0 1 1 1 
1 0 0 0 
1 0 0 1 
1 0 1 0 
20
20
11
12
779 271
3
14
15
10
0 1 1 
1 0 1 
1 1 0 
13
20
16
783 213
2
14
11
0 1 
1 0 
14
784 200
3
14
13
15
0 1 1 
1 0 1 
1 1 0 
10
18
15
789 269
4
11
10
15
15
0 1 0 0 
1 0 0 1 
0 0 0 1 
0 1 1 0 
15
19
13
793 206
4
14
13
15
11
0 0 1 1 
0 0 1 1 
1 1 0 0 
1 1 0 0 
18
14
14
10
806 248
2
10
10
0 1 
1 0 
14
811 283
4
15
11
10
10
0 0 1 1 
0 0 1 0 
1 1 0 0 
1 0 0 0 
10
14
18
815 273
3
15
10
13
0 1 0 
1 0 1 
0 1 0 
10
19
816 269
2
11
13
0 1 
1 0 
11
819 214
2
13
10
0 1 
1 0 
19
820 289
2
12
11
0 1 
1 0 
16
825 292
2
10
14
0 1 
1 0 
16
836 280
3
12
10
15
0 1 1 
1 0 0 
1 0 0 
19
17
837 210
4
10
15
12
10
0 1 0 0 
1 0 0 1 
0 0 0 1 
0 1 1 0 
16
12
10
838 200
2
10
11
0 1 
1 0 
16
846 266
2
13
15
0 1 
1 0 
15
847 271
2
10
15
0 1 
1 0 
14
856 216
2
14
10
0 1 
1 0 
16
859 256
2
14
10
0 1 
1 0 
19
860 202
4
14
10
10
11
0 0 1 1 
0 0 0 1 
1 0 0 1 
1 1 1 0 
11
15
11
16
862 273
4
14
13
10
14
0 0 1 0 
0 0 1 0 
1 1 0 1 
0 0 1 0 
14
20
11
863 283
3
14
10
10
0 1 1 
1 0 1 
1 1 0 
13
16
14
866 233
2
13
14
0 1 
1 0 
12
870 241
3
14
15
11
0 1 1 
1 0 1 
1 1 0 
14
12
17
873 237
2
13
10
0 1 
1 0 
19
874 252
3
10
15
15
0 1 1 
1 0 1 
1 1 0 
17
10
14
875 211
3
15
12
11
0 1 1 
1 0 0 
1 0 0 
18
18
876 207
3
10
10
14
0 1 1 
1 0 1 
1 1 0 
13
18
11
877 208
3
14
11
14
0 1 1 
1 0 1 
1 1 0 
20
11
10
878 258
2
11
10
0 1 
1 0 
20
883 245
2
14
12
0 1 
1 0 
19
886 237
2
14
13
0 1 
1 0 
16
894 264
4
13
13
12
11
0 1 1 0 
1 0 0 1 
1 0 0 1 
0 1 1 0 
11
13
17
14
895 238
4
10
15
10
14
0 0 0 1 
0 0 0 1 
0 0 0 1 
1 1 1 0 
14
17
10
897 230
2
10
15
0 1 
1 0 
20
901 299
4
15
14
12
13
0 1 0 1 
1 0 1 1 
0 1 0 0 
1 1 0 0 
15
16
19
12
902 213
4
13
11
14
10
0 0 0 1 
0 0 1 1 
0 1 0 0 
1 1 0 0 
20
12
18
904 224
3
15
11
11
0 1 0 
1 0 1 
0 1 0 
11
12
905 266
4
13
10
10
11
0 0 1 1 
0 0 1 1 
1 1 0 1 
1 1 1 0 
15
19
13
16
18
906 280
2
15
12
0 1 
1 0 
18
908 257
4
15
11
10
13
0 1 0 0 
1 0 1 1 
0 1 0 1 
0 1 1 0 
11
15
16
16
916 216
3
11
15
13
0 1 1 
1 0 0 
1 0 0 
17
14
918 276
4
10
12
13
12
0 1 0 1 
1 0 1 1 
0 1 0 0 
1 1 0 0 
12
20
11
12
919 212
3
12
15
13
0 1 1 
1 0 0 
1 0 0 
19
14
921 232
4
12
12
14
14
0 1 0 1 
1 0 1 0 
0 1 0 0 
1 0 0 0 
14
19
10
923 208
2
15
15
0 1 
1 0 
19
926 222
2
14
12
0 1 
1 0 
20
931 297
4
15
14
12
10
0 1 0 1 
1 0 1 1 
0 1 0 1 
1 1 1 0 
11
10
11
17
15
937 297
3
13
13
11
0 1 1 
1 0 1 
1 1 0 
17
11
12
940 207
4
10
15
12
10
0 1 1 0 
1 0 0 1 
1 0 0 0 
0 1 0 0 
18
20
18
949 221
4
10
12
15
15
0 1 1 0 
1 0 0 0 
1 0 0 1 
0 0 1 0 
18
16
15
950 205
3
12
11
10
0 0 1 
0 0 1 
1 1 0 
10
10
951 289
4
11
11
11
11
0 0 1 1 
0 0 0 1 
1 0 0 1 
1 1 1 0 
13
10
12
11
956 211
4
10
15
13
15
0 1 1 0 
1 0 1 0 
1 1 0 1 
0 0 1 0 
13
11
13
12
958 258
2
15
14
0 1 
1 0 
17
959 237
4
14
15
11
15
0 0 1 1 
0 0 1 0 
1 1 0 1 
1 0 1 0 
15
14
19
17
962 257
4
14
10
13
14
0 0 1 1 
0 0 0 1 
1 0 0 1 
1 1 1 0 
16
11
17
13
963 243
3
15
14
15
0 1 1 
1 0 0 
1 0 0 
17
15
964 285
4
10
13
11
12
0 1 0 1 
1 0 0 0 
0 0 0 1 
1 0 1 0 
18
18
11
965 295
3
13
11
13
0 1 1 
1 0 1 
1 1 0 
16
10
18
966 225
4
13
15
13
12
0 0 1 1 
0 0 0 1 
1 0 0 1 
1 1 1 0 
20
11
10
19
968 292
4
11
14
13
10
0 1 0 1 
1 0 1 0 
0 1 0 1 
1 0 1 0 
12
18
15
11
972 230
2
12
14
0 1 
1 0 
16
973 226
2
13
13
0 1 
1 0 
17
983 290
2
11
11
0 1 
1 0 
16
985 200
2
15
14
0 1 
1 0 
19
992 262
4
11
14
13
14
0 1 0 1 
1 0 1 1 
0 1 0 0 
1 1 0 0 
14
14
20
20
993 230
4
14
15
14
12
0 0 1 1 
0 0 0 1 
1 0 0 0 
1 1 0 0 
14
18
15
996 222
3
11
13
12
0 0 1 
0 0 1 
1 1 0 
18
12