9 287
3
13
11
13
0 1 0 
1 0 1 
0 1 0 
17
13
15 263
4
12
13
11
14
0 0 0 1 
0 0 1 1 
0 1 0 0 
1 1 0 0 
19
10
12
19 238
4
11
11
10
13
0 1 1 0 
1 0 0 1 
1 0 0 1 
0 1 1 0 
11
11
10
14
22 298
3
11
10
10
0 1 1 
1 0 1 
1 1 0 
12
18
19
25 269
3
10
14
10
0 1 1 
1 0 1 
1 1 0 
20
19
20
26 291
3
11
14
11
0 1 0 
1 0 1 
0 1 0 
16
20
27 264
3
12
12
14
0 1 1 
1 0 1 
1 1 0 
11
19
19
31 235
2
10
15
0 1 
1 0 
19
36 291
4
11
10
11
11
0 1 1 0 
1 0 1 1 
1 1 0 0 
0 1 0 0 
12
19
10
18
37 205
2
14
12
0 1 
1 0 
18
38 235
2
12
15
0 1 
1 0 
15
43 230
2
11
15
0 1 
1 0 
18
58 288
2
14
13
0 1 
1 0 
17
64 286
2
12
10
0 1 
1 0 
17
71 220
3
13
15
10
0 0 1 
0 0 1 
1 1 0 
18
19
79 214
4
13
10
11
11
0 1 1 0 
1 0 0 1 
1 0 0 0 
0 1 0 0 
19
18
10
80 278
4
11
11
13
14
0 1 1 1 
1 0 1 1 
1 1 0 0 
1 1 0 0 
11
13
14
15
17
87 252
2
13
10
0 1 
1 0 
17
88 241
4
13
15
15
13
0 1 0 0 
1 0 1 1 
0 1 0 0 
0 1 0 0 
16
18
15
91 298
2
10
15
0 1 
1 0 
13
92 271
4
13
15
11
11
0 0 1 1 
0 0 1 1 
1 1 0 1 
1 1 1 0 
15
12
19
20
12
98 249
3
15
12
10
0 1 1 
1 0 0 
1 0 0 
17
11
102 255
3
15
15
15
0 1 1 
1 0 1 
1 1 0 
17
11
19
104 295
2
12
10
0 1 
1 0 
20
109 273
4
14
14
12
11
0 1 1 1 
1 0 1 1 
1 1 0 0 
1 1 0 0 
12
13
14
12
20
110 221
4
10
15
12
15
0 0 1 1 
0 0 1 0 
1 1 0 0 
1 0 0 0 
18
17
20
113 297
4
12
14
11
14
0 1 0 1 
1 0 1 0 
0 1 0 1 
1 0 1 0 
12
12
14
13
119 213
2
15
12
0 1 
1 0 
19
127 218
2
10
14
0 1 
1 0 
17
134 272
3
13
10
11
0 1 1 
1 0 1 
1 1 0 
13
18
13
135 241
4
11
12
11
12
0 1 0 1 
1 0 0 0 
0 0 0 1 
1 0 1 0 
15
15
19
141 240
4
11
11
11
14
0 0 1 0 
0 0 1 1 
1 1 0 0 
0 1 0 0 
19
18
12
144 200
4
14
11
11
12
0 0 0 1 
0 0 1 0 
0 1 0 1 
1 0 1 0 
17
11
13
145 277
2
12
15
0 1 
1 0 
10
146 291
3
13
14
11
0 1 1 
1 0 1 
1 1 0 
12
17
12
148 289
3
14
12
12
0 1 1 
1 0 1 
1 1 0 
11
14
10
151 245
4
10
15
12
14
0 1 1 1 
1 0 0 1 
1 0 0 0 
1 1 0 0 
15
13
20
12
154 259
3
11
13
14
0 1 1 
1 0 1 
1 1 0 
18
12
19
158 213
4
10
15
14
13
0 0 1 1 
0 0 1 0 
1 1 0 1 
1 0 1 0 
19
20
14
14
162 288
4
11
12
14
13
0 1 1 1 
1 0 0 1 
1 0 0 0 
1 1 0 0 
20
14
19
12
166 270
2
10
12
0 1 
1 0 
12
169 299
3
13
12
11
0 0 1 
0 0 1 
1 1 0 
14
15
172 299
4
13
12
14
11
0 1 0 1 
1 0 1 1 
0 1 0 0 
1 1 0 0 
14
10
13
18
173 237
2
10
13
0 1 
1 0 
10
175 253
4
15
15
10
11
0 1 1 1 
1 0 1 0 
1 1 0 1 
1 0 1 0 
12
16
18
19
15
177 299
3
15
10
14
0 1 1 
1 0 1 
1 1 0 
19
12
15
181 256
4
15
15
14
10
0 1 0 0 
1 0 1 0 
0 1 0 1 
0 0 1 0 
15
16
17
183 264
3
12
11
13
0 0 1 
0 0 1 
1 1 0 
18
12
188 283
3
15
14
13
0 0 1 
0 0 1 
1 1 0 
18
11
195 201
4
14
12
13
13
0 0 1 0 
0 0 1 1 
1 1 0 0 
0 1 0 0 
16
11
16
196 257
4
12
10
12
11
0 1 1 0 
1 0 1 1 
1 1 0 0 
0 1 0 0 
11
18
16
14
200 204
2
13
14
0 1 
1 0 
14
201 256
2
11
14
0 1 
1 0 
11
217 261
4
12
14
14
11
0 0 1 0 
0 0 1 0 
1 1 0 1 
0 0 1 0 
10
16
17
220 285
2
11
14
0 1 
1 0 
16
222 208
3
15
15
10
0 1 1 
1 0 0 
1 0 0 
15
13
226 261
3
14
15
14
0 0 1 
0 0 1 
1 1 0 
16
11
228 209
2
12
15
0 1 
1 0 
20
233 222
3
15
13
12
0 1 1 
1 0 1 
1 1 0 
18
11
17
235 274
2
14
15
0 1 
1 0 
18
241 289
2
14
14
0 1 
1 0 
15
247 231
3
12
10
10
0 0 1 
0 0 1 
1 1 0 
12
19
250 241
2
10
13
0 1 
1 0 
13
254 207
2
12
10
0 1 
1 0 
19
255 267
2
13
10
0 1 
1 0 
13
267 265
2
13
10
0 1 
1 0 
12
278 222
2
12
15
0 1 
1 0 
20
279 293
4
11
10
12
10
0 1 0 0 
1 0 0 1 
0 0 0 1 
0 1 1 0 
20
16
10
281 211
3
12
15
12
0 1 0 
1 0 1 
0 1 0 
19
17
285 204
3
14
12
13
0 1 1 
1 0 0 
1 0 0 
16
14
287 258
2
15
12
0 1 
1 0 
14
288 226
3
11
13
11
0 1 1 
1 0 0 
1 0 0 
16
18
290 225
2
14
14
0 1 
1 0 
10
292 296
4
12
12
12
10
0 0 1 1 
0 0 1 1 
1 1 0 1 
1 1 1 0 
18
15
12
18
14
314 263
2
12
10
0 1 
1 0 
16
315 208
4
11
14
11
13
0 0 0 1 
0 0 1 1 
0 1 0 0 
1 1 0 0 
18
10
15
323 202
4
11
12
12
15
0 0 0 1 
0 0 1 0 
0 1 0 1 
1 0 1 0 
15
16
15
324 270
3
13
10
10
0 0 1 
0 0 1 
1 1 0 
14
18
326 219
3
11
12
14
0 0 1 
0 0 1 
1 1 0 
15
10
327 212
2
14
14
0 1 
1 0 
12
333 294
4
11
15
11
10
0 1 1 1 
1 0 0 1 
1 0 0 0 
1 1 0 0 
18
12
11
20
334 281
2
11
14
0 1 
1 0 
15
337 262
4
15
10
10
10
0 0 1 1 
0 0 1 0 
1 1 0 0 
1 0 0 0 
16
20
13
338 222
3
13
12
11
0 0 1 
0 0 1 
1 1 0 
20
11
353 286
2
12
11
0 1 
1 0 
14
356 223
3
12
12
10
0 1 1 
1 0 0 
1 0 0 
16
19
359 285
3
12
12
12
0 1 0 
1 0 1 
0 1 0 
10
16
361 215
2
14
15
0 1 
1 0 
11
372 223
4
14
10
13
13
0 1 1 1 
1 0 0 0 
1 0 0 1 
1 0 1 0 
18
17
19
11
373 207
3
15
13
11
0 1 1 
1 0 1 
1 1 0 
18
19
17
375 226
3
15
13
11
0 1 1 
1 0 1 
1 1 0 
17
12
13
381 241
4
15
13
12
13
0 0 1 1 
0 0 1 0 
1 1 0 1 
1 0 1 0 
15
18
18
15
385 230
4
13
15
10
13
0 1 1 1 
1 0 0 0 
1 0 0 0 
1 0 0 0 
10
16
12
386 220
2
13
15
0 1 
1 0 
20
389 210
3
11
12
13
0 1 1 
1 0 0 
1 0 0 
17
14
393 255
3
11
11
12
0 1 1 
1 0 0 
1 0 0 
14
11
394 292
4
11
10
14
12
0 1 1 0 
1 0 0 0 
1 0 0 1 
0 0 1 0 
10
11
19
396 232
3
13
15
15
0 0 1 
0 0 1 
1 1 0 
17
10
399 210
4
14
14
12
12
0 1 1 1 
1 0 1 1 
1 1 0 0 
1 1 0 0 
15
13
15
11
14
410 245
3
15
12
10
0 1 1 
1 0 1 
1 1 0 
20
12
13
411 253
3
13
11
12
0 1 1 
1 0 1 
1 1 0 
15
14
17
418 279
2
11
12
0 1 
1 0 
17
428 219
3
14
10
11
0 1 1 
1 0 0 
1 0 0 
19
13
430 247
4
14
13
12
13
0 1 1 1 
1 0 0 0 
1 0 0 0 
1 0 0 0 
14
19
19
431 231
2
12
15
0 1 
1 0 
19
436 259
4
12
10
15
15
0 0 0 1 
0 0 1 0 
0 1 0 1 
1 0 1 0 
16
20
17
437 243
3
10
12
13
0 0 1 
0 0 1 
1 1 0 
12
20
445 276
4
12
14
14
15
0 1 0 1 
1 0 1 1 
0 1 0 0 
1 1 0 0 
20
19
16
13
448 280
3
14
13
15
0 1 1 
1 0 0 
1 0 0 
15
16
450 215
4
10
13
13
14
0 0 1 0 
0 0 1 0 
1 1 0 1 
0 0 1 0 
17
13
11
458 251
4
10
12
15
15
0 1 0 1 
1 0 0 0 
0 0 0 1 
1 0 1 0 
16
17
16
470 250
2
13
13
0 1 
1 0 
17
475 231
2
14
14
0 1 
1 0 
10
480 286
4
14
10
13
10
0 1 1 0 
1 0 1 1 
1 1 0 0 
0 1 0 0 
10
15
20
12
481 249
2
13
14
0 1 
1 0 
10
482 229
4
12
15
10
11
0 1 1 1 
1 0 1 0 
1 1 0 0 
1 0 0 0 
11
17
12
20
485 250
3
15
14
15
0 1 0 
1 0 1 
0 1 0 
17
10
486 251
2
14
14
0 1 
1 0 
14
487 298
3
13
15
15
0 1 1 
1 0 0 
1 0 0 
16
18
489 206
2
15
15
0 1 
1 0 
11
494 228
2
13
13
0 1 
1 0 
11
497 271
3
15
12
14
0 1 1 
1 0 0 
1 0 0 
16
19
498 247
4
14
10
15
15
0 1 0 0 
1 0 0 1 
0 0 0 1 
0 1 1 0 
10
16
16
506 240
4
15
10
12
14
0 1 1 1 
1 0 0 0 
1 0 0 1 
1 0 1 0 
18
13
20
11
509 263
4
13
11
14
12
0 0 0 1 
0 0 1 0 
0 1 0 1 
1 0 1 0 
16
10
12
512 262
2
11
13
0 1 
1 0 
17
514 278
3
11
15
11
0 1 1 
1 0 1 
1 1 0 
18
15
18
518 293
2
11
15
0 1 
1 0 
15
521 234
2
15
14
0 1 
1 0 
18
526 218
2
15
14
0 1 
1 0 
17
528 259
4
10
13
11
12
0 1 0 1 
1 0 1 0 
0 1 0 1 
1 0 1 0 
17
13
12
20
536 280
2
15
12
0 1 
1 0 
16
538 292
4
13
11
14
14
0 0 1 0 
0 0 1 1 
1 1 0 0 
0 1 0 0 
19
12
13
539 218
4
12
13
10
10
0 1 1 1 
1 0 0 0 
1 0 0 1 
1 0 1 0 
12
20
20
16
541 294
4
10
12
10
15
0 1 1 1 
1 0 1 1 
1 1 0 1 
1 1 1 0 
18
15
15
14
12
13
544 239
4
12
14
10
13
0 1 1 0 
1 0 1 1 
1 1 0 1 
0 1 1 0 
10
17
14
10
11
545 251
4
14
12
14
14
0 1 0 0 
1 0 1 0 
0 1 0 1 
0 0 1 0 
12
18
14
548 266
4
12
12
10
15
0 0 1 0 
0 0 1 1 
1 1 0 0 
0 1 0 0 
11
15
12
552 294
4
12
10
14
11
0 0 1 0 
0 0 0 1 
1 0 0 1 
0 1 1 0 
14
10
18
554 276
3
13
12
13
0 1 0 
1 0 1 
0 1 0 
16
11
561 261
3
12
12
11
0 1 1 
1 0 1 
1 1 0 
12
17
16
563 275
4
13
13
10
11
0 1 1 1 
1 0 1 0 
1 1 0 1 
1 0 1 0 
15
17
15
12
14
567 229
2
14
10
0 1 
1 0 
16
572 279
2
13
10
0 1 
1 0 
12
574 245
4
10
15
12
12
0 1 0 1 
1 0 0 1 
0 0 0 1 
1 1 1 0 
11
18
14
15
575 217
3
13
14
10
0 1 1 
1 0 1 
1 1 0 
10
16
10
577 299
3
13
12
15
0 0 1 
0 0 1 
1 1 0 
10
20
579 255
4
12
15
15
12
0 1 0 1 
1 0 1 0 
0 1 0 0 
1 0 0 0 
15
10
15
582 231
4
14
10
12
13
0 1 0 1 
1 0 0 1 
0 0 0 1 
1 1 1 0 
11
17
11
17
584 245
3
15
10
15
0 1 1 
1 0 1 
1 1 0 
14
11
17
588 222
2
10
10
0 1 
1 0 
11
589 259
3
13
15
15
0 1 1 
1 0 1 
1 1 0 
18
14
17
594 269
3
10
10
10
0 0 1 
0 0 1 
1 1 0 
20
20
601 223
2
12
14
0 1 
1 0 
17
603 227
3
14
15
14
0 1 1 
1 0 0 
1 0 0 
17
17
606 297
4
13
10
15
15
0 1 1 0 
1 0 1 0 
1 1 0 1 
0 0 1 0 
15
19
20
11
614 227
4
13
11
14
15
0 1 0 1 
1 0 0 0 
0 0 0 1 
1 0 1 0 
12
13
15
619 238
3
13
13
13
0 1 1 
1 0 1 
1 1 0 
17
12
11
621 284
2
10
11
0 1 
1 0 
13
624 210
4
13
10
11
11
0 1 0 0 
1 0 0 1 
0 0 0 1 
0 1 1 0 
13
14
13
625 278
3
13
15
10
0 0 1 
0 0 1 
1 1 0 
13
20
626 232
4
11
11
15
11
0 1 0 0 
1 0 0 1 
0 0 0 1 
0 1 1 0 
11
17
17
640 290
4
11
13
15
11
0 0 1 1 
0 0 1 1 
1 1 0 1 
1 1 1 0 
11
12
14
14
15
649 274
3
15
15
12
0 1 1 
1 0 1 
1 1 0 
16
13
13
651 236
4
15
14
13
10
0 1 1 1 
1 0 1 0 
1 1 0 1 
1 0 1 0 
15
14
18
16
16
652 280
2
14
14
0 1 
1 0 
17
658 225
3
13
12
11
0 0 1 
0 0 1 
1 1 0 
20
14
660 248
2
11
14
0 1 
1 0 
10
661 230
3
13
12
12
0 1 1 
1 0 0 
1 0 0 
12
20
665 295
4
12
14
10
13
0 0 0 1 
0 0 1 1 
0 1 0 0 
1 1 0 0 
12
12
10
666 214
3
14
13
11
0 1 1 
1 0 0 
1 0 0 
10
11
669 222
2
10
10
0 1 
1 0 
17
670 251
4
13
15
15
11
0 1 1 0 
1 0 1 0 
1 1 0 1 
0 0 1 0 
13
10
17
16
671 299
2
13
10
0 1 
1 0 
15
674 270
4
12
14
12
10
0 0 1 0 
0 0 1 1 
1 1 0 1 
0 1 1 0 
13
18
12
19
693 260
3
15
12
13
0 1 0 
1 0 1 
0 1 0 
19
17
698 292
3
12
11
13
0 0 1 
0 0 1 
1 1 0 
11
17
701 258
2
15
14
0 1 
1 0 
10
710 226
2
10
12
0 1 
1 0 
17
715 250
3
13
14
12
0 0 1 
0 0 1 
1 1 0 
18
20
716 263
3
13
10
15
0 1 0 
1 0 1 
0 1 0 
11
10
733 257
2
13
14
0 1 
1 0 
14
739 271
4
11
12
14
14
0 0 1 0 
0 0 1 1 
1 1 0 1 
0 1 1 0 
17
10
13
12
740 236
2
11
12
0 1 
1 0 
11
741 244
2
14
15
0 1 
1 0 
15
748 249
4
11
10
14
15
0 1 0 0 
1 0 1 0 
0 1 0 1 
0 0 1 0 
17
18
11
752 279
2
15
11
0 1 
1 0 
11
753 251
2
12
10
0 1 
1 0 
10
756 247
4
13
12
12
10
0 0 1 1 
0 0 1 0 
1 1 0 0 
1 0 0 0 
17
19
16
757 249
3
14
15
15
0 0 1 
0 0 1 
1 1 0 
16
20
758 220
2
12
15
0 1 
1 0 
18
761 253
3
11
12
14
0 1 0 
1 0 1 
0 1 0 
16
16
762 269
3
12
10
15
0 1 1 
1 0 0 
1 0 0 
20
17
766 231
4
14
12
11
15
0 1 0 0 
1 0 1 1 
0 1 0 0 
0 1 0 0 
10
20
11
768 246
2
10
10
0 1 
1 0 
12
769 219
4
11
14
13
14
0 0 1 0 
0 0 1 0 
1 1 0 1 
0 0 1 0 
20
17
19
774 233
2
15
11
0 1 
1 0 
11
779 256
4
15
11
11
11
0 1 1 1 
1 0 0 1 
1 0 0 0 
1 1 0 0 
19
10
19
10
785 217
4
14
14
11
15
0 1 0 0 
1 0 1 0 
0 1 0 1 
0 0 1 0 
20
18
19
788 259
2
12
15
0 1 
1 0 
17
790 206
4
13
11
14
15
0 1 0 1 
1 0 1 1 
0 1 0 1 
1 1 1 0 
15
12
10
16
20
798 239
3
12
11
14
0 1 1 
1 0 0 
1 0 0 
18
12
800 258
4
15
12
15
12
0 1 1 0 
1 0 1 1 
1 1 0 0 
0 1 0 0 
16
11
14
20
801 249
2
12
14
0 1 
1 0 
13
804 292
2
11
12
0 1 
1 0 
20
806 224
3
12
13
14
0 1 1 
1 0 1 
1 1 0 
10
20
17
807 296
3
12
10
14
0 1 1 
1 0 0 
1 0 0 
15
16
817 279
3
12
10
11
0 1 0 
1 0 1 
0 1 0 
17
12
818 259
4
13
14
12
14
0 1 0 1 
1 0 0 0 
0 0 0 1 
1 0 1 0 
12
19
18
819 285
3
12
15
15
0 0 1 
0 0 1 
1 1 0 
10
11
824 209
4
15
11
13
12
0 1 0 0 
1 0 1 1 
0 1 0 0 
0 1 0 0 
15
16
13
834 204
2
11
14
0 1 
1 0 
14
837 279
2
13
14
0 1 
1 0 
12
838 241
4
15
12
13
11
0 1 0 1 
1 0 0 0 
0 0 0 1 
1 0 1 0 
13
17
11
844 267
3
10
11
15
0 0 1 
0 0 1 
1 1 0 
19
17
855 245
2
10
10
0 1 
1 0 
16
857 216
4
15
11
11
14
0 0 1 1 
0 0 1 0 
1 1 0 1 
1 0 1 0 
17
19
10
11
862 220
4
13
10
11
15
0 1 1 0 
1 0 0 1 
1 0 0 0 
0 1 0 0 
18
19
15
867 252
4
14
12
14
10
0 1 0 0 
1 0 0 1 
0 0 0 1 
0 1 1 0 
16
11
17
871 262
4
11
13
15
10
0 1 0 0 
1 0 1 0 
0 1 0 1 
0 0 1 0 
12
20
12
875 244
3
12
14
12
0 1 1 
1 0 1 
1 1 0 
16
14
19
881 231
3
10
13
13
0 1 1 
1 0 1 
1 1 0 
16
17
16
885 253
4
10
10
12
13
0 1 0 1 
1 0 0 1 
0 0 0 1 
1 1 1 0 
15
13
15
19
887 232
4
10
14
13
12
0 0 1 1 
0 0 1 1 
1 1 0 1 
1 1 1 0 
10
12
20
17
19
889 285
2
11
15
0 1 
1 0 
18
893 213
3
13
12
14
0 0 1 
0 0 1 
1 1 0 
17
20
898 232
3
15
14
14
0 1 0 
1 0 1 
0 1 0 
18
19
900 292
4
11
11
13
15
0 1 0 0 
1 0 1 1 
0 1 0 1 
0 1 1 0 
13
14
14
19
903 250
4
12
13
13
11
0 1 1 0 
1 0 0 1 
1 0 0 1 
0 1 1 0 
13
18
20
11
906 246
2
14
14
0 1 
1 0 
20
912 215
4
13
10
13
15
0 1 1 1 
1 0 1 0 
1 1 0 1 
1 0 1 0 
19
10
15
12
18
914 230
4
13
15
11
15
0 0 1 1 
0 0 0 1 
1 0 0 1 
1 1 1 0 
19
18
12
11
916 252
4
11
14
12
15
0 1 1 0 
1 0 0 1 
1 0 0 1 
0 1 1 0 
14
17
20
17
921 230
2
15
15
0 1 
1 0 
17
924 209
2
13
11
0 1 
1 0 
15
926 251
2
15
10
0 1 
1 0 
14
933 226
2
12
10
0 1 
1 0 
14
934 290
2
14
14
0 1 
1 0 
15
937 217
4
14
15
11
10
0 0 1 0 
0 0 0 1 
1 0 0 1 
0 1 1 0 
17
13
20
938 231
4
14
10
14
11
0 1 0 1 
1 0 0 0 
0 0 0 1 
1 0 1 0 
11
18
10
947 256
3
10
10
14
0 1 1 
1 0 0 
1 0 0 
18
10
948 238
3
13
11
14
0 0 1 
0 0 1 
1 1 0 
17
17
951 277
3
13
13
15
0 1 1 
1 0 1 
1 1 0 
20
10
20
953 206
4
14
10
10
10
0 1 0 1 
1 0 1 0 
0 1 0 1 
1 0 1 0 
15
20
14
13
965 256
2
12
15
0 1 
1 0 
13
968 244
3
12
10
15
0 1 1 
1 0 1 
1 1 0 
12
11
10
973 290
3
14
15
13
0 0 1 
0 0 1 
1 1 0 
16
12
981 236
3
14
15
11
0 1 1 
1 0 0 
1 0 0 
14
17