4 205
2
14
15
0 1 
1 0 
18
8 213
3
13
15
15
0 0 1 
0 0 1 
1 1 0 
11
16
20 205
4
10
10
12
11
0 1 1 0 
1 0 0 0 
1 0 0 1 
0 0 1 0 
16
16
14
29 204
4
13
15
14
10
0 1 1 0 
1 0 0 0 
1 0 0 1 
0 0 1 0 
11
10
14
30 232
2
11
14
0 1 
1 0 
19
31 206
3
14
14
14
0 1 0 
1 0 1 
0 1 0 
20
15
34 295
2
14
10
0 1 
1 0 
11
39 255
3
11
11
12
0 1 1 
1 0 1 
1 1 0 
10
18
14
42 206
3
12
15
10
0 1 1 
1 0 1 
1 1 0 
14
12
10
48 251
4
15
12
10
13
0 1 0 1 
1 0 1 1 
0 1 0 0 
1 1 0 0 
19
20
14
13
53 243
2
12
14
0 1 
1 0 
16
60 246
3
15
11
15
0 1 0 
1 0 1 
0 1 0 
13
19
61 207
4
11
15
15
14
0 1 1 1 
1 0 1 0 
1 1 0 1 
1 0 1 0 
19
19
20
12
12
62 296
2
13
12
0 1 
1 0 
12
63 242
3
11
13
11
0 1 0 
1 0 1 
0 1 0 
11
18
73 236
4
15
10
12
15
0 1 0 0 
1 0 0 1 
0 0 0 1 
0 1 1 0 
13
20
11
79 247
2
15
10
0 1 
1 0 
11
80 229
3
12
11
14
0 1 0 
1 0 1 
0 1 0 
10
15
84 243
4
12
12
14
12
0 1 0 1 
1 0 0 0 
0 0 0 1 
1 0 1 0 
18
15
10
87 274
3
11
15
13
0 1 1 
1 0 1 
1 1 0 
14
15
18
91 293
2
13
14
0 1 
1 0 
18
95 247
4
14
11
14
12
0 0 1 1 
0 0 0 1 
1 0 0 1 
1 1 1 0 
12
10
14
10
103 214
3
13
15
11
0 1 1 
1 0 1 
1 1 0 
10
10
17
105 256
2
10
14
0 1 
1 0 
20
114 268
3
11
15
13
0 1 1 
1 0 1 
1 1 0 
19
19
19
118 224
3
14
14
14
0 0 1 
0 0 1 
1 1 0 
19
13
119 267
2
15
14
0 1 
1 0 
20
122 245
2
13
10
0 1 
1 0 
17
137 267
3
14
10
11
0 1 1 
1 0 1 
1 1 0 
12
13
17
148 212
2
13
13
0 1 
1 0 
20
149 215
4
15
13
15
11
0 1 0 1 
1 0 1 1 
0 1 0 1 
1 1 1 0 
12
13
10
11
18
151 284
4
13
12
11
14
0 0 1 1 
0 0 1 0 
1 1 0 1 
1 0 1 0 
17
13
13
14
166 265
3
11
13
12
0 1 1 
1 0 0 
1 0 0 
13
18
177 276
2
14
15
0 1 
1 0 
11
189 264
2
10
14
0 1 
1 0 
18
192 229
2
13
14
0 1 
1 0 
16
193 240
3
10
14
13
0 0 1 
0 0 1 
1 1 0 
12
11
195 296
4
12
15
12
10
0 1 1 0 
1 0 0 0 
1 0 0 1 
0 0 1 0 
11
14
18
203 209
3
14
10
13
0 1 1 
1 0 0 
1 0 0 
20
14
211 218
4
15
11
11
11
0 1 0 1 
1 0 0 1 
0 0 0 1 
1 1 1 0 
19
12
13
16
212 291
4
11
13
13
14
0 1 0 1 
1 0 1 1 
0 1 0 1 
1 1 1 0 
18
12
13
19
15
222 241
2
12
10
0 1 
1 0 
15
223 293
2
10
13
0 1 
1 0 
19
227 289
2
12
15
0 1 
1 0 
15
229 296
2
14
13
0 1 
1 0 
12
233 274
3
11
13
11
0 1 0 
1 0 1 
0 1 0 
12
11
237 242
4
10
15
14
13
0 1 1 0 
1 0 0 1 
1 0 0 1 
0 1 1 0 
14
16
12
13
240 203
3
12
13
10
0 0 1 
0 0 1 
1 1 0 
16
20
245 260
3
10
11
11
0 1 1 
1 0 1 
1 1 0 
15
16
10
249 251
4
13
10
11
11
0 1 1 1 
1 0 0 1 
1 0 0 0 
1 1 0 0 
19
14
13
11
250 275
4
14
13
12
13
0 0 1 0 
0 0 1 1 
1 1 0 1 
0 1 1 0 
20
19
19
17
255 237
4
12
15
15
11
0 0 1 0 
0 0 1 1 
1 1 0 1 
0 1 1 0 
18
19
18
13
263 290
2
12
10
0 1 
1 0 
12
267 238
2
10
11
0 1 
1 0 
15
270 288
4
12
12
12
14
0 0 1 0 
0 0 1 1 
1 1 0 0 
0 1 0 0 
19
10
10
278 274
2
10
15
0 1 
1 0 
19
283 277
4
13
10
12
13
0 1 0 1 
1 0 1 1 
0 1 0 1 
1 1 1 0 
18
13
13
10
12
288 240
2
10
11
0 1 
1 0 
15
291 279
4
13
10
15
13
0 1 1 0 
1 0 0 1 
1 0 0 1 
0 1 1 0 
19
15
19
19
296 273
3
15
11
14
0 1 1 
1 0 0 
1 0 0 
11
19
297 232
2
13
12
0 1 
1 0 
16
303 248
4
12
13
14
12
0 0 0 1 
0 0 0 1 
0 0 0 1 
1 1 1 0 
15
13
15
305 209
4
10
13
12
10
0 0 1 0 
0 0 0 1 
1 0 0 1 
0 1 1 0 
17
19
13
310 219
4
10
15
14
14
0 1 0 0 
1 0 0 1 
0 0 0 1 
0 1 1 0 
13
15
13
311 252
4
13
10
13
13
0 1 1 0 
1 0 1 1 
1 1 0 1 
0 1 1 0 
19
12
16
12
19
312 240
4
15
15
15
12
0 1 1 1 
1 0 0 0 
1 0 0 0 
1 0 0 0 
13
17
20
315 210
3
10
15
12
0 1 0 
1 0 1 
0 1 0 
19
10
316 260
4
11
12
14
13
0 1 1 0 
1 0 1 1 
1 1 0 0 
0 1 0 0 
18
18
14
11
324 258
3
15
13
11
0 1 1 
1 0 0 
1 0 0 
10
14
329 279
3
12
15
12
0 1 1 
1 0 1 
1 1 0 
13
10
13
330 248
3
14
15
10
0 1 1 
1 0 0 
1 0 0 
10
19
338 201
4
13
11
14
13
0 1 0 0 
1 0 0 1 
0 0 0 1 
0 1 1 0 
12
14
12
342 284
3
11
12
12
0 1 0 
1 0 1 
0 1 0 
13
20
344 220
4
15
11
15
11
0 1 0 1 
1 0 1 1 
0 1 0 0 
1 1 0 0 
14
11
18
11
346 253
3
10
13
13
0 1 1 
1 0 1 
1 1 0 
11
16
12
348 262
2
13
11
0 1 
1 0 
20
352 267
2
13
15
0 1 
1 0 
11
357 290
2
11
15
0 1 
1 0 
12
360 275
4
13
11
11
13
0 1 1 0 
1 0 0 0 
1 0 0 1 
0 0 1 0 
17
19
12
362 206
2
15
11
0 1 
1 0 
10
367 226
2
13
15
0 1 
1 0 
14
369 276
3
13
11
10
0 1 1 
1 0 0 
1 0 0 
16
12
372 215
3
10
11
11
0 1 0 
1 0 1 
0 1 0 
14
10
379 244
3
15
10
10
0 1 1 
1 0 0 
1 0 0 
11
11
381 270
2
14
13
0 1 
1 0 
11
384 297
4
13
10
11
14
0 0 1 1 
0 0 0 1 
1 0 0 1 
1 1 1 0 
19
10
19
15
385 239
3
14
13
12
0 1 1 
1 0 1 
1 1 0 
16
16
17
389 231
4
15
13
15
14
0 1 1 1 
1 0 0 0 
1 0 0 0 
1 0 0 0 
17
13
10
390 290
3
15
11
12
0 1 0 
1 0 1 
0 1 0 
18
18
402 241
4
11
14
14
13
0 1 0 1 
1 0 1 1 
0 1 0 0 
1 1 0 0 
11
11
20
14
407 206
3
13
10
11
0 1 1 
1 0 1 
1 1 0 
11
10
20
419 298
3
11
12
12
0 1 1 
1 0 1 
1 1 0 
18
18
14
427 264
4
10
10
10
14
0 0 1 1 
0 0 0 1 
1 0 0 0 
1 1 0 0 
15
20
18
431 296
3
12
15
15
0 1 1 
1 0 0 
1 0 0 
10
19
443 241
2
10
13
0 1 
1 0 
19
444 225
4
11
14
10
15
0 1 1 0 
1 0 1 0 
1 1 0 1 
0 0 1 0 
12
10
20
20
445 233
2
12
15
0 1 
1 0 
18
447 247
2
12
11
0 1 
1 0 
12
453 295
2
13
10
0 1 
1 0 
13
454 219
2
14
10
0 1 
1 0 
19
456 290
4
13
14
12
15
0 1 0 1 
1 0 0 1 
0 0 0 1 
1 1 1 0 
11
16
15
16
463 240
3
14
10
14
0 1 1 
1 0 0 
1 0 0 
20
17
467 282
3
14
15
15
0 1 1 
1 0 1 
1 1 0 
18
10
19
471 292
3
12
13
15
0 0 1 
0 0 1 
1 1 0 
12
18
473 248
3
10
15
12
0 1 1 
1 0 1 
1 1 0 
16
11
11
475 259
4
11
12
10
11
0 0 1 1 
0 0 1 1 
1 1 0 0 
1 1 0 0 
20
13
10
16
477 240
4
11
10
12
10
0 0 1 1 
0 0 1 0 
1 1 0 1 
1 0 1 0 
16
15
12
18
480 227
2
11
11
0 1 
1 0 
14
484 211
4
14
11
13
15
0 0 1 1 
0 0 1 1 
1 1 0 0 
1 1 0 0 
12
16
11
18
489 276
3
15
12
10
0 1 1 
1 0 0 
1 0 0 
10
12
490 277
4
10
14
15
14
0 0 0 1 
0 0 0 1 
0 0 0 1 
1 1 1 0 
20
12
20
506 269
4
10
15
11
13
0 0 1 0 
0 0 0 1 
1 0 0 1 
0 1 1 0 
15
10
13
507 284
4
13
11
11
12
0 0 1 1 
0 0 1 0 
1 1 0 0 
1 0 0 0 
11
14
19
509 224
2
10
11
0 1 
1 0 
20
512 275
2
15
14
0 1 
1 0 
12
524 288
2
10
11
0 1 
1 0 
15
535 287
2
10
13
0 1 
1 0 
17
537 278
2
15
12
0 1 
1 0 
10
542 259
2
10
13
0 1 
1 0 
16
543 294
3
11
11
13
0 0 1 
0 0 1 
1 1 0 
13
10
546 219
3
14
14
13
0 1 1 
1 0 1 
1 1 0 
19
19
17
547 257
2
11
11
0 1 
1 0 
10
553 216
2
12
12
0 1 
1 0 
14
560 233
4
10
13
12
10
0 0 0 1 
0 0 1 0 
0 1 0 1 
1 0 1 0 
11
18
15
561 247
3
12
15
13
0 1 1 
1 0 1 
1 1 0 
17
13
13
564 263
4
10
13
15
13
0 1 1 1 
1 0 0 1 
1 0 0 1 
1 1 1 0 
14
14
12
10
12
566 256
4
12
15
13
11
0 1 1 0 
1 0 1 0 
1 1 0 1 
0 0 1 0 
18
14
12
16
568 232
4
11
14
12
15
0 0 1 1 
0 0 1 0 
1 1 0 1 
1 0 1 0 
12
20
10
16
569 262
3
11
11
12
0 1 0 
1 0 1 
0 1 0 
19
19
570 215
2
14
11
0 1 
1 0 
10
574 202
3
15
14
12
0 1 0 
1 0 1 
0 1 0 
16
10
578 266
4
10
14
11
10
0 0 0 1 
0 0 1 0 
0 1 0 1 
1 0 1 0 
12
20
20
584 205
2
14
10
0 1 
1 0 
19
587 265
3
15
10
14
0 1 1 
1 0 1 
1 1 0 
11
18
13
592 272
4
10
13
15
10
0 1 1 0 
1 0 1 0 
1 1 0 1 
0 0 1 0 
10
18
17
15
596 264
2
10
11
0 1 
1 0 
19
598 258
4
11
11
13
15
0 1 1 1 
1 0 1 0 
1 1 0 1 
1 0 1 0 
19
20
18
13
16
603 296
3
12
13
14
0 1 1 
1 0 1 
1 1 0 
20
10
13
604 245
4
14
10
14
10
0 0 1 1 
0 0 0 1 
1 0 0 1 
1 1 1 0 
11
11
18
19
606 233
4
12
14
10
15
0 1 1 0 
1 0 1 0 
1 1 0 1 
0 0 1 0 
12
18
15
13
607 222
3
12
11
11
0 0 1 
0 0 1 
1 1 0 
10
15
612 284
3
10
12
15
0 1 0 
1 0 1 
0 1 0 
18
15
617 244
4
10
10
14
14
0 1 1 0 
1 0 1 1 
1 1 0 1 
0 1 1 0 
16
11
10
11
20
619 221
2
11
13
0 1 
1 0 
16
621 290
4
13
13
10
15
0 1 1 0 
1 0 1 1 
1 1 0 1 
0 1 1 0 
18
10
11
20
18
622 211
3
11
15
12
0 1 1 
1 0 1 
1 1 0 
14
14
19
624 243
3
14
11
13
0 1 1 
1 0 1 
1 1 0 
10
18
20
625 241
3
10
10
13
0 1 1 
1 0 1 
1 1 0 
15
17
18
628 282
2
15
15
0 1 
1 0 
18
636 269
3
12
14
11
0 1 0 
1 0 1 
0 1 0 
14
10
637 284
4
14
11
12
11
0 1 0 1 
1 0 0 1 
0 0 0 1 
1 1 1 0 
13
16
13
18
638 234
2
15
10
0 1 
1 0 
12
639 235
2
14
12
0 1 
1 0 
11
647 286
2
11
11
0 1 
1 0 
17
648 222
3
11
14
10
0 1 0 
1 0 1 
0 1 0 
14
20
652 283
4
15
12
11
15
0 1 1 1 
1 0 1 1 
1 1 0 1 
1 1 1 0 
12
19
18
10
10
14
655 274
4
10
10
15
11
0 0 0 1 
0 0 0 1 
0 0 0 1 
1 1 1 0 
20
18
14
658 287
3
11
15
11
0 1 1 
1 0 1 
1 1 0 
19
18
15
659 235
4
13
11
11
13
0 1 1 1 
1 0 0 1 
1 0 0 1 
1 1 1 0 
14
11
12
13
10
660 273
4
13
13
13
11
0 0 1 0 
0 0 1 1 
1 1 0 1 
0 1 1 0 
15
11
15
20
663 209
4
10
10
12
12
0 1 1 1 
1 0 1 1 
1 1 0 0 
1 1 0 0 
18
10
13
12
17
672 244
2
15
14
0 1 
1 0 
16
677 285
2
12
15
0 1 
1 0 
16
679 290
4
10
12
11
10
0 1 1 0 
1 0 0 1 
1 0 0 1 
0 1 1 0 
18
14
10
16
681 257
4
14
14
10
14
0 1 0 1 
1 0 1 1 
0 1 0 1 
1 1 1 0 
20
11
18
13
16
685 209
4
11
15
11
11
0 0 1 1 
0 0 0 1 
1 0 0 0 
1 1 0 0 
19
10
15
691 217
2
11
14
0 1 
1 0 
16
697 205
4
13
11
12
15
0 0 0 1 
0 0 1 0 
0 1 0 1 
1 0 1 0 
18
11
12
701 232
3
11
13
13
0 1 1 
1 0 0 
1 0 0 
18
20
702 290
2
15
12
0 1 
1 0 
11
710 277
2
10
14
0 1 
1 0 
15
711 245
4
15
11
10
14
0 1 1 0 
1 0 0 1 
1 0 0 0 
0 1 0 0 
12
16
20
714 242
3
11
15
11
0 1 1 
1 0 0 
1 0 0 
20
17
716 248
4
14
13
12
12
0 0 1 0 
0 0 0 1 
1 0 0 1 
0 1 1 0 
18
11
20
718 232
2
14
13
0 1 
1 0 
17
723 275
4
10
11
10
15
0 1 0 1 
1 0 1 0 
0 1 0 0 
1 0 0 0 
15
15
12
727 260
3
15
12
11
0 1 0 
1 0 1 
0 1 0 
12
13
736 213
2
15
10
0 1 
1 0 
10
737 232
3
10
13
14
0 1 1 
1 0 1 
1 1 0 
14
13
17
739 218
2
13
13
0 1 
1 0 
15
746 218
4
11
13
13
10
0 0 0 1 
0 0 1 0 
0 1 0 1 
1 0 1 0 
10
18
18
747 277
2
10
12
0 1 
1 0 
15
752 265
2
10
15
0 1 
1 0 
10
753 207
2
11
14
0 1 
1 0 
19
756 241
3
12
11
11
0 1 1 
1 0 1 
1 1 0 
18
17
10
763 270
4
11
12
15
14
0 0 1 1 
0 0 1 1 
1 1 0 0 
1 1 0 0 
12
13
10
17
768 289
4
15
15
15
10
0 0 1 1 
0 0 1 0 
1 1 0 1 
1 0 1 0 
13
18
14
18
792 275
2
11
14
0 1 
1 0 
18
795 242
3
12
10
13
0 1 1 
1 0 0 
1 0 0 
19
15
797 297
3
11
10
14
0 1 1 
1 0 0 
1 0 0 
13
11
817 239
3
12
10
14
0 0 1 
0 0 1 
1 1 0 
17
11
819 224
3
14
13
15
0 1 1 
1 0 1 
1 1 0 
10
17
10
820 283
4
11
10
13
11
0 1 1 0 
1 0 0 1 
1 0 0 1 
0 1 1 0 
20
13
14
18
824 274
3
14
11
11
0 1 1 
1 0 0 
1 0 0 
15
16
827 248
2
12
12
0 1 
1 0 
14
828 221
3
15
13
15
0 1 1 
1 0 1 
1 1 0 
13
15
20
829 244
3
15
10
14
0 0 1 
0 0 1 
1 1 0 
17
20
830 292
4
10
10
13
11
0 0 1 1 
0 0 1 0 
1 1 0 1 
1 0 1 0 
12
20
19
18
838 239
4
10
10
14
11
0 0 0 1 
0 0 1 0 
0 1 0 1 
1 0 1 0 
14
10
10
843 207
2
10
15
0 1 
1 0 
12
846 256
2
10
15
0 1 
1 0 
10
848 288
2
10
13
0 1 
1 0 
12
849 215
2
10
13
0 1 
1 0 
12
850 235
2
11
13
0 1 
1 0 
11
857 223
4
12
13
14
11
0 1 0 0 
1 0 1 1 
0 1 0 0 
0 1 0 0 
10
11
18
865 237
3
15
13
13
0 1 1 
1 0 1 
1 1 0 
19
20
14
868 277
3
11
10
11
0 0 1 
0 0 1 
1 1 0 
17
11
869 292
2
11
11
0 1 
1 0 
10
870 219
2
14
11
0 1 
1 0 
19
878 266
3
11
12
11
0 1 1 
1 0 1 
1 1 0 
20
17
20
879 282
4
15
12
12
10
0 1 1 0 
1 0 1 1 
1 1 0 0 
0 1 0 0 
13
10
19
12
886 273
4
11
12
12
10
0 1 1 0 
1 0 1 1 
1 1 0 0 
0 1 0 0 
12
14
13
19
888 241
4
14
15
12
15
0 0 1 0 
0 0 0 1 
1 0 0 1 
0 1 1 0 
14
18
12
891 258
2
11
13
0 1 
1 0 
15
894 204
4
12
15
14
13
0 1 1 1 
1 0 0 0 
1 0 0 0 
1 0 0 0 
17
17
18
905 235
4
14
13
15
11
0 1 1 0 
1 0 0 1 
1 0 0 1 
0 1 1 0 
17
12
19
10
907 273
4
15
13
11
12
0 1 1 0 
1 0 0 0 
1 0 0 1 
0 0 1 0 
16
15
19
910 298
2
10
12
0 1 
1 0 
12
918 297
3
14
12
14
0 1 1 
1 0 0 
1 0 0 
13
17
920 248
4
14
15
11
12
0 1 0 1 
1 0 1 0 
0 1 0 1 
1 0 1 0 
10
11
17
17
922 267
2
13
10
0 1 
1 0 
12
923 283
2
12
15
0 1 
1 0 
20
926 215
3
12
13
14
0 1 0 
1 0 1 
0 1 0 
16
14
928 216
4
14
12
11
14
0 1 1 0 
1 0 1 1 
1 1 0 1 
0 1 1 0 
11
16
15
16
18
935 240
3
13
15
13
0 1 1 
1 0 0 
1 0 0 
13
14
944 210
2
12
12
0 1 
1 0 
10
952 271
2
10
12
0 1 
1 0 
19
965 242
3
12
11
14
0 1 1 
1 0 1 
1 1 0 
11
20
19
970 263
4
11
10
14
12
0 1 0 1 
1 0 1 1 
0 1 0 1 
1 1 1 0 
15
10
11
12
14
973 238
2
10
13
0 1 
1 0 
17
980 220
2
12
13
0 1 
1 0 
17
993 291
3
13
12
10
0 1 0 
1 0 1 
0 1 0 
19
15
999 253
4
13
12
11
15
0 1 1 0 
1 0 0 1 
1 0 0 0 
0 1 0 0 
14
15
10