14 10000
3
14
15
14
0 1 0 
1 0 1 
0 1 0 
11
17
16 10000
3
11
11
14
0 0 1 
0 0 1 
1 1 0 
15
11
28 10000
3
11
15
11
0 1 0 
1 0 1 
0 1 0 
11
18
104 10000
4
10
13
15
11
0 0 1 1 
0 0 1 1 
1 1 0 0 
1 1 0 0 
11
19
14
20
128 10000
4
10
14
10
11
0 1 1 0 
1 0 0 0 
1 0 0 1 
0 0 1 0 
10
11
11
146 10000
3
13
14
12
0 1 1 
1 0 1 
1 1 0 
17
12
11
175 10000
2
10
10
0 1 
1 0 
17
178 10000
3
13
12
10
0 0 1 
0 0 1 
1 1 0 
11
14
258 10000
4
10
12
11
13
0 1 0 1 
1 0 1 0 
0 1 0 1 
1 0 1 0 
13
20
17
17
259 10000
3
15
15
13
0 1 0 
1 0 1 
0 1 0 
10
10
262 10000
2
10
14
0 1 
1 0 
14
279 10000
2
12
11
0 1 
1 0 
12
296 10000
2
13
12
0 1 
1 0 
17
297 10000
2
13
15
0 1 
1 0 
10
307 10000
2
13
15
0 1 
1 0 
20
355 10000
4
14
13
10
11
0 1 1 1 
1 0 0 0 
1 0 0 1 
1 0 1 0 
16
17
20
18
383 10000
2
10
11
0 1 
1 0 
12
401 10000
4
12
10
10
15
0 0 1 0 
0 0 1 1 
1 1 0 1 
0 1 1 0 
19
11
11
16
413 10000
4
13
10
12
15
0 1 1 1 
1 0 1 0 
1 1 0 0 
1 0 0 0 
13
17
20
15
420 10000
2
13
13
0 1 
1 0 
19
429 10000
2
15
12
0 1 
1 0 
16
457 10000
3
14
14
15
0 1 0 
1 0 1 
0 1 0 
11
14
467 10000
4
15
14
11
14
0 1 1 0 
1 0 1 1 
1 1 0 0 
0 1 0 0 
15
19
14
18
474 10000
2
15
15
0 1 
1 0 
19
479 10000
3
11
14
15
0 1 1 
1 0 1 
1 1 0 
20
20
17
485 10000
4
15
13
15
11
0 0 1 1 
0 0 1 1 
1 1 0 1 
1 1 1 0 
13
17
13
19
14
498 10000
4
13
13
13
15
0 0 1 1 
0 0 1 0 
1 1 0 0 
1 0 0 0 
18
11
18
509 10000
2
13
10
0 1 
1 0 
19
529 10000
3
14
15
13
0 1 1 
1 0 0 
1 0 0 
18
19
592 10000
3
13
12
10
0 1 1 
1 0 1 
1 1 0 
11
16
18
632 10000
4
12
12
15
15
0 0 1 0 
0 0 0 1 
1 0 0 1 
0 1 1 0 
19
17
14
674 10000
2
13
10
0 1 
1 0 
13
676 10000
4
13
12
12
10
0 1 1 1 
1 0 1 0 
1 1 0 0 
1 0 0 0 
14
16
17
10
703 10000
3
10
14
13
0 1 1 
1 0 1 
1 1 0 
15
18
16
733 10000
3
15
15
10
0 1 1 
1 0 1 
1 1 0 
17
17
12
737 10000
4
13
12
13
14
0 1 1 0 
1 0 1 1 
1 1 0 1 
0 1 1 0 
16
16
13
17
17
765 10000
3
13
10
10
0 1 1 
1 0 1 
1 1 0 
17
18
10
777 10000
3
12
12
13
0 1 0 
1 0 1 
0 1 0 
12
11
799 10000
2
14
11
0 1 
1 0 
20
876 10000
3
11
10
13
0 1 1 
1 0 1 
1 1 0 
20
15
13
879 10000
2
15
10
0 1 
1 0 
16
912 10000
2
12
10
0 1 
1 0 
17