9 10000
2
15
13
0 1 
1 0 
18
53 10000
3
13
14
15
0 1 1 
1 0 0 
1 0 0 
17
17
65 10000
4
14
10
10
10
0 0 1 1 
0 0 1 1 
1 1 0 1 
1 1 1 0 
11
12
15
20
19
81 10000
2
10
13
0 1 
1 0 
16
106 10000
2
12
14
0 1 
1 0 
15
162 10000
3
10
12
10
0 0 1 
0 0 1 
1 1 0 
16
16
218 10000
2
10
12
0 1 
1 0 
16
232 10000
4
12
11
15
13
0 1 0 1 
1 0 0 0 
0 0 0 1 
1 0 1 0 
11
15
17
235 10000
4
13
14
14
12
0 0 1 1 
0 0 1 1 
1 1 0 0 
1 1 0 0 
17
13
17
13
286 10000
4
12
13
10
13
0 0 1 0 
0 0 1 1 
1 1 0 1 
0 1 1 0 
20
20
20
20
294 10000
2
10
11
0 1 
1 0 
20
328 10000
3
15
13
13
0 0 1 
0 0 1 
1 1 0 
20
12
333 10000
4
14
15
14
13
0 1 0 1 
1 0 1 1 
0 1 0 1 
1 1 1 0 
13
11
16
16
15
373 10000
2
12
13
0 1 
1 0 
18
376 10000
2
11
13
0 1 
1 0 
14
405 10000
3
15
12
14
0 0 1 
0 0 1 
1 1 0 
16
16
408 10000
2
14
15
0 1 
1 0 
18
430 10000
4
14
12
10
10
0 1 0 1 
1 0 1 0 
0 1 0 1 
1 0 1 0 
10
18
13
15
438 10000
3
12
12
14
0 1 1 
1 0 1 
1 1 0 
19
17
15
482 10000
4
14
14
14
15
0 0 0 1 
0 0 0 1 
0 0 0 1 
1 1 1 0 
20
20
20
501 10000
4
14
14
14
12
0 1 0 1 
1 0 0 0 
0 0 0 1 
1 0 1 0 
14
13
13
512 10000
2
10
10
0 1 
1 0 
17
545 10000
3
10
15
10
0 0 1 
0 0 1 
1 1 0 
11
10
563 10000
3
12
12
14
0 1 1 
1 0 0 
1 0 0 
20
15
618 10000
3
14
10
11
0 1 0 
1 0 1 
0 1 0 
10
19
641 10000
3
11
11
13
0 1 1 
1 0 1 
1 1 0 
10
16
12
666 10000
3
12
11
12
0 1 1 
1 0 1 
1 1 0 
17
15
18
676 10000
2
12
11
0 1 
1 0 
15
704 10000
3
14
13
14
0 1 1 
1 0 0 
1 0 0 
18
17
711 10000
2
13
13
0 1 
1 0 
11
715 10000
4
14
10
13
12
0 1 0 0 
1 0 1 1 
0 1 0 0 
0 1 0 0 
19
10
17
741 10000
2
11
13
0 1 
1 0 
10
744 10000
4
10
15
11
10
0 1 1 1 
1 0 0 1 
1 0 0 0 
1 1 0 0 
20
16
15
18
752 10000
3
10
14
15
0 1 1 
1 0 1 
1 1 0 
13
17
17
780 10000
2
11
15
0 1 
1 0 
11
812 10000
3
12
15
12
0 1 1 
1 0 0 
1 0 0 
14
12
851 10000
4
14
10
12
10
0 1 1 0 
1 0 1 1 
1 1 0 1 
0 1 1 0 
20
11
20
14
20
854 10000
4
12
12
12
11
0 1 1 0 
1 0 0 0 
1 0 0 1 
0 0 1 0 
19
10
19
858 10000
4
15
11
10
11
0 0 0 1 
0 0 1 1 
0 1 0 1 
1 1 1 0 
15
13
16
19
910 10000
3
10
12
12
0 1 1 
1 0 0 
1 0 0 
16
10
912 10000
3
12
13
13
0 0 1 
0 0 1 
1 1 0 
11
20
934 10000
3
14
10
12
0 0 1 
0 0 1 
1 1 0 
10
15
936 10000
3
13
12
11
0 1 1 
1 0 1 
1 1 0 
18
13
10
967 10000
3
12
11
11
0 1 1 
1 0 1 
1 1 0 
16
11
16
985 10000
2
11
10
0 1 
1 0 
16
988 10000
2
15
10
0 1 
1 0 
12