31 10000
4
12
15
15
15
0 0 0 1 
0 0 0 1 
0 0 0 1 
1 1 1 0 
20
16
20
78 10000
2
14
11
0 1 
1 0 
18
179 10000
2
11
14
0 1 
1 0 
20
237 10000
4
12
12
11
12
0 0 0 1 
0 0 1 1 
0 1 0 1 
1 1 1 0 
18
17
18
11
238 10000
3
12
15
15
0 1 0 
1 0 1 
0 1 0 
10
20
247 10000
3
12
14
10
0 1 1 
1 0 1 
1 1 0 
15
20
15
251 10000
2
13
10
0 1 
1 0 
12
297 10000
4
10
12
14
12
0 1 1 0 
1 0 0 0 
1 0 0 1 
0 0 1 0 
17
14
17
336 10000
3
13
13
15
0 0 1 
0 0 1 
1 1 0 
17
18
357 10000
3
15
13
10
0 1 1 
1 0 1 
1 1 0 
15
13
18
367 10000
3
13
15
10
0 1 0 
1 0 1 
0 1 0 
15
12
410 10000
2
14
11
0 1 
1 0 
19
451 10000
4
14
11
14
12
0 0 0 1 
0 0 0 1 
0 0 0 1 
1 1 1 0 
10
20
20
491 10000
2
10
11
0 1 
1 0 
18
541 10000
2
11
13
0 1 
1 0 
16
546 10000
2
11
10
0 1 
1 0 
13
553 10000
2
12
15
0 1 
1 0 
12
561 10000
2
10
10
0 1 
1 0 
17
597 10000
3
12
10
15
0 1 1 
1 0 0 
1 0 0 
18
10
641 10000
3
14
13
13
0 0 1 
0 0 1 
1 1 0 
13
18
651 10000
3
10
12
12
0 0 1 
0 0 1 
1 1 0 
13
11
652 10000
4
13
10
10
14
0 1 1 1 
1 0 1 1 
1 1 0 1 
1 1 1 0 
12
20
14
15
19
17
700 10000
2
12
10
0 1 
1 0 
14
710 10000
4
15
12
13
13
0 1 0 0 
1 0 1 1 
0 1 0 1 
0 1 1 0 
19
12
12
14
724 10000
2
15
14
0 1 
1 0 
20
759 10000
4
11
10
14
12
0 0 1 1 
0 0 1 1 
1 1 0 0 
1 1 0 0 
10
11
20
16
786 10000
4
13
10
15
13
0 0 1 0 
0 0 0 1 
1 0 0 1 
0 1 1 0 
17
14
14
790 10000
4
12
12
11
11
0 1 0 0 
1 0 1 1 
0 1 0 1 
0 1 1 0 
11
13
17
17
837 10000
2
15
13
0 1 
1 0 
12
845 10000
4
11
12
15
10
0 1 1 1 
1 0 1 0 
1 1 0 0 
1 0 0 0 
13
16
14
17
846 10000
3
13
11
14
0 1 1 
1 0 1 
1 1 0 
17
18
20
869 10000
2
10
11
0 1 
1 0 
19
895 10000
2
14
13
0 1 
1 0 
16
934 10000
3
13
13
11
0 1 1 
1 0 1 
1 1 0 
13
17
17
950 10000
3
11
12
12
0 1 1 
1 0 1 
1 1 0 
18
20
15
986 10000
2
13
11
0 1 
1 0 
20