11 10000
3
14
12
12
0 1 0 
1 0 1 
0 1 0 
12
17
73 10000
4
13
13
10
11
0 0 0 1 
0 0 1 1 
0 1 0 0 
1 1 0 0 
20
19
15
83 10000
4
13
15
15
14
0 1 1 1 
1 0 1 0 
1 1 0 1 
1 0 1 0 
17
17
17
19
11
96 10000
2
10
12
0 1 
1 0 
17
108 10000
3
10
13
11
0 1 1 
1 0 1 
1 1 0 
19
10
20
120 10000
3
12
15
12
0 1 0 
1 0 1 
0 1 0 
11
20
174 10000
2
11
14
0 1 
1 0 
19
179 10000
2
14
12
0 1 
1 0 
11
210 10000
4
12
14
13
11
0 0 1 1 
0 0 0 1 
1 0 0 1 
1 1 1 0 
19
16
14
10
245 10000
2
12
11
0 1 
1 0 
19
258 10000
4
13
13
13
13
0 1 0 1 
1 0 0 1 
0 0 0 1 
1 1 1 0 
19
12
10
10
294 10000
3
12
15
13
0 1 1 
1 0 1 
1 1 0 
13
14
17
311 10000
2
15
15
0 1 
1 0 
13
319 10000
4
13
13
11
11
0 0 1 0 
0 0 1 1 
1 1 0 0 
0 1 0 0 
13
16
15
382 10000
4
14
10
14
10
0 0 1 0 
0 0 1 1 
1 1 0 1 
0 1 1 0 
10
20
12
16
402 10000
4
10
14
14
13
0 0 1 1 
0 0 1 0 
1 1 0 1 
1 0 1 0 
18
19
14
17
425 10000
4
12
10
10
11
0 0 1 0 
0 0 1 1 
1 1 0 1 
0 1 1 0 
13
13
11
20
435 10000
3
11
15
10
0 0 1 
0 0 1 
1 1 0 
17
13
436 10000
3
12
15
12
0 1 1 
1 0 0 
1 0 0 
11
16
499 10000
3
13
13
14
0 1 1 
1 0 1 
1 1 0 
15
17
12
578 10000
3
13
12
13
0 1 1 
1 0 0 
1 0 0 
16
18
615 10000
2
13
12
0 1 
1 0 
14
618 10000
4
13
13
12
11
0 0 1 0 
0 0 0 1 
1 0 0 1 
0 1 1 0 
11
20
10
625 10000
3
12
10
11
0 0 1 
0 0 1 
1 1 0 
14
18
628 10000
2
14
10
0 1 
1 0 
12
673 10000
4
14
12
13
13
0 1 1 0 
1 0 1 1 
1 1 0 1 
0 1 1 0 
18
15
20
10
11
719 10000
3
10
12
10
0 0 1 
0 0 1 
1 1 0 
19
12
793 10000
3
12
12
15
0 1 0 
1 0 1 
0 1 0 
17
12
796 10000
2
10
13
0 1 
1 0 
20
851 10000
4
11
11
12
11
0 1 0 0 
1 0 1 1 
0 1 0 1 
0 1 1 0 
18
13
12
12
854 10000
2
12
13
0 1 
1 0 
16
860 10000
4
15
13
13
10
0 1 0 0 
1 0 1 1 
0 1 0 0 
0 1 0 0 
12
20
11
866 10000
2
13
14
0 1 
1 0 
17
919 10000
4
15
13
11
13
0 0 1 1 
0 0 1 0 
1 1 0 0 
1 0 0 0 
19
12
18
987 10000
4
11
13
11
11
0 0 1 0 
0 0 1 1 
1 1 0 1 
0 1 1 0 
12
17
13
15