70 10000
4
11
12
14
15
0 1 1 1 
1 0 0 0 
1 0 0 0 
1 0 0 0 
17
19
18
81 10000
4
12
13
12
13
0 0 1 0 
0 0 0 1 
1 0 0 1 
0 1 1 0 
13
13
17
82 10000
3
13
15
11
0 1 1 
1 0 0 
1 0 0 
14
16
123 10000
4
14
10
15
14
0 1 0 1 
1 0 1 0 
0 1 0 1 
1 0 1 0 
12
11
16
18
126 10000
3
13
14
15
0 1 1 
1 0 1 
1 1 0 
18
16
20
130 10000
2
15
14
0 1 
1 0 
13
180 10000
4
14
14
13
13
0 1 0 1 
1 0 1 1 
0 1 0 0 
1 1 0 0 
19
11
11
18
185 10000
4
14
11
13
10
0 0 1 1 
0 0 1 1 
1 1 0 1 
1 1 1 0 
17
20
10
10
19
200 10000
4
14
13
14
14
0 1 1 1 
1 0 0 1 
1 0 0 0 
1 1 0 0 
10
13
16
18
211 10000
2
11
12
0 1 
1 0 
18
226 10000
3
10
11
15
0 0 1 
0 0 1 
1 1 0 
19
15
259 10000
4
14
15
12
10
0 0 1 0 
0 0 0 1 
1 0 0 1 
0 1 1 0 
18
19
14
272 10000
4
15
14
14
13
0 1 1 1 
1 0 0 1 
1 0 0 0 
1 1 0 0 
16
16
17
19
293 10000
2
12
11
0 1 
1 0 
12
310 10000
2
10
12
0 1 
1 0 
13
322 10000
3
13
10
14
0 1 1 
1 0 0 
1 0 0 
14
11
333 10000
4
11
10
14
13
0 1 0 1 
1 0 1 1 
0 1 0 0 
1 1 0 0 
13
17
20
14
351 10000
3
14
15
12
0 1 1 
1 0 1 
1 1 0 
13
15
12
358 10000
4
10
13
12
14
0 1 1 1 
1 0 1 0 
1 1 0 1 
1 0 1 0 
12
16
19
18
15
367 10000
2
14
13
0 1 
1 0 
19
387 10000
3
10
10
10
0 1 1 
1 0 1 
1 1 0 
14
15
17
437 10000
4
14
12
14
13
0 1 1 0 
1 0 0 0 
1 0 0 1 
0 0 1 0 
10
18
13
448 10000
4
14
15
13
13
0 1 1 0 
1 0 0 1 
1 0 0 1 
0 1 1 0 
13
19
12
11
464 10000
3
13
14
11
0 0 1 
0 0 1 
1 1 0 
15
18
500 10000
2
10
15
0 1 
1 0 
13
502 10000
3
15
10
15
0 1 1 
1 0 1 
1 1 0 
12
20
16
544 10000
2
13
15
0 1 
1 0 
11
587 10000
2
11
14
0 1 
1 0 
17
628 10000
3
12
13
11
0 1 1 
1 0 1 
1 1 0 
16
14
10
640 10000
2
11
13
0 1 
1 0 
20
646 10000
2
12
13
0 1 
1 0 
19
721 10000
4
10
10
14
15
0 1 1 1 
1 0 1 0 
1 1 0 0 
1 0 0 0 
10
10
17
13
724 10000
3
14
10
11
0 1 0 
1 0 1 
0 1 0 
19
15
728 10000
2
11
14
0 1 
1 0 
19
762 10000
4
13
13
11
11
0 0 1 1 
0 0 1 1 
1 1 0 0 
1 1 0 0 
17
19
20
20
831 10000
4
11
13
13
11
0 1 0 1 
1 0 1 0 
0 1 0 0 
1 0 0 0 
19
15
16
836 10000
4
12
15
10
15
0 0 1 1 
0 0 1 0 
1 1 0 1 
1 0 1 0 
10
17
15
18
844 10000
2
14
13
0 1 
1 0 
16
959 10000
4
10
13
11
15
0 0 1 0 
0 0 1 1 
1 1 0 1 
0 1 1 0 
16
11
14
15
967 10000
2
14
11
0 1 
1 0 
18
977 10000
3
14
13
15
0 0 1 
0 0 1 
1 1 0 
12
14
985 10000
2
14
13
0 1 
1 0 
12
997 10000
3
13
11
12
0 1 1 
1 0 0 
1 0 0 
18
17