3 262
2
10
12
0 1 
1 0 
19
8 260
4
10
13
12
11
0 1 1 0 
1 0 0 0 
1 0 0 1 
0 0 1 0 
18
10
20
16 241
2
12
12
0 1 
1 0 
15
18 260
2
10
11
0 1 
1 0 
17
20 214
2
13
12
0 1 
1 0 
18
24 235
2
11
10
0 1 
1 0 
11
25 241
4
15
14
13
12
0 1 1 0 
1 0 0 0 
1 0 0 1 
0 0 1 0 
14
13
10
27 278
2
14
14
0 1 
1 0 
13
32 233
2
11
11
0 1 
1 0 
12
38 243
2
14
12
0 1 
1 0 
11
41 209
4
12
12
13
11
0 1 0 0 
1 0 1 1 
0 1 0 0 
0 1 0 0 
19
14
16
43 215
3
14
13
12
0 1 1 
1 0 0 
1 0 0 
16
19
49 231
2
14
13
0 1 
1 0 
12
54 203
4
11
11
13
14
0 1 1 1 
1 0 0 1 
1 0 0 1 
1 1 1 0 
18
13
17
14
20
62 234
2
12
10
0 1 
1 0 
20
63 247
4
11
15
14
15
0 0 1 1 
0 0 1 0 
1 1 0 1 
1 0 1 0 
11
16
16
17
65 288
2
10
14
0 1 
1 0 
18
68 232
2
13
12
0 1 
1 0 
20
69 258
3
11
14
14
0 1 1 
1 0 1 
1 1 0 
17
19
18
70 245
3
12
15
13
0 1 0 
1 0 1 
0 1 0 
17
13
71 206
4
14
10
13
15
0 0 1 1 
0 0 0 1 
1 0 0 1 
1 1 1 0 
11
18
19
20
76 273
3
12
15
10
0 1 1 
1 0 0 
1 0 0 
13
16
77 234
2
15
13
0 1 
1 0 
17
79 265
2
14
12
0 1 
1 0 
17
84 215
4
15
14
10
11
0 0 1 1 
0 0 1 0 
1 1 0 1 
1 0 1 0 
14
11
16
10
86 278
4
11
10
12
13
0 0 1 1 
0 0 1 1 
1 1 0 1 
1 1 1 0 
18
14
20
13
18
87 294
3
15
15
10
0 1 0 
1 0 1 
0 1 0 
16
17
90 234
4
13
15
11
13
0 1 0 0 
1 0 1 1 
0 1 0 1 
0 1 1 0 
19
18
14
13
94 261
2
10
11
0 1 
1 0 
11
95 293
4
14
13
14
11
0 1 0 1 
1 0 1 0 
0 1 0 1 
1 0 1 0 
17
17
18
19
113 208
4
10
13
15
14
0 1 0 1 
1 0 1 0 
0 1 0 1 
1 0 1 0 
14
15
18
17
115 241
4
10
11
15
14
0 1 0 1 
1 0 0 0 
0 0 0 1 
1 0 1 0 
19
18
13
117 299
3
15
14
14
0 1 1 
1 0 1 
1 1 0 
13
14
12
123 263
2
13
10
0 1 
1 0 
13
128 292
2
11
12
0 1 
1 0 
19
134 283
3
14
14
14
0 0 1 
0 0 1 
1 1 0 
14
16
135 291
2
14
13
0 1 
1 0 
12
142 259
3
13
13
15
0 1 1 
1 0 1 
1 1 0 
12
15
12
147 289
3
11
15
14
0 0 1 
0 0 1 
1 1 0 
17
12
160 242
2
12
10
0 1 
1 0 
14
162 290
2
15
10
0 1 
1 0 
12
167 296
3
11
12
14
0 1 1 
1 0 1 
1 1 0 
19
10
18
175 290
3
10
11
15
0 1 1 
1 0 1 
1 1 0 
19
18
11
176 220
3
13
12
14
0 0 1 
0 0 1 
1 1 0 
13
13
179 299
3
15
13
10
0 0 1 
0 0 1 
1 1 0 
20
16
182 210
3
11
11
13
0 1 0 
1 0 1 
0 1 0 
14
16
189 281
2
15
10
0 1 
1 0 
15
191 214
3
14
15
12
0 0 1 
0 0 1 
1 1 0 
10
12
199 288
2
12
14
0 1 
1 0 
11
203 275
4
12
13
15
10
0 0 1 0 
0 0 1 1 
1 1 0 0 
0 1 0 0 
10
15
14
205 298
2
15
13
0 1 
1 0 
16
214 257
2
14
12
0 1 
1 0 
14
216 210
2
13
12
0 1 
1 0 
14
222 284
4
15
11
13
12
0 1 1 1 
1 0 0 0 
1 0 0 1 
1 0 1 0 
19
10
18
17
224 217
2
14
13
0 1 
1 0 
19
226 227
2
15
12
0 1 
1 0 
13
229 283
4
15
14
13
15
0 1 0 1 
1 0 1 0 
0 1 0 1 
1 0 1 0 
17
13
15
19
231 298
2
14
14
0 1 
1 0 
15
238 245
3
14
14
14
0 1 1 
1 0 0 
1 0 0 
17
10
241 262
4
14
14
10
10
0 0 0 1 
0 0 1 0 
0 1 0 1 
1 0 1 0 
16
16
20
243 264
2
14
14
0 1 
1 0 
11
254 242
4
11
11
10
10
0 0 1 0 
0 0 1 0 
1 1 0 1 
0 0 1 0 
13
12
18
258 210
2
10
12
0 1 
1 0 
13
267 253
4
10
10
12
14
0 1 1 0 
1 0 1 1 
1 1 0 0 
0 1 0 0 
20
17
11
13
270 277
2
12
14
0 1 
1 0 
19
272 229
4
12
10
15
15
0 0 1 1 
0 0 0 1 
1 0 0 0 
1 1 0 0 
14
18
20
276 220
2
11
15
0 1 
1 0 
16
277 279
4
10
15
12
13
0 1 1 0 
1 0 0 1 
1 0 0 1 
0 1 1 0 
20
11
15
13
282 277
2
10
12
0 1 
1 0 
16
285 276
4
11
11
14
11
0 1 0 1 
1 0 1 1 
0 1 0 0 
1 1 0 0 
20
19
10
16
289 206
4
15
15
15
13
0 0 1 0 
0 0 1 0 
1 1 0 1 
0 0 1 0 
17
16
17
294 260
4
12
14
14
12
0 0 1 1 
0 0 0 1 
1 0 0 0 
1 1 0 0 
15
13
19
296 265
3
13
13
15
0 0 1 
0 0 1 
1 1 0 
17
19
299 204
4
10
11
11
14
0 0 1 1 
0 0 0 1 
1 0 0 1 
1 1 1 0 
16
11
10
18
302 281
4
13
10
15
10
0 1 0 1 
1 0 0 0 
0 0 0 1 
1 0 1 0 
15
17
12
309 285
3
14
15
10
0 1 1 
1 0 1 
1 1 0 
19
11
15
314 281
3
10
15
12
0 1 1 
1 0 1 
1 1 0 
12
11
15
317 249
3
14
14
12
0 1 0 
1 0 1 
0 1 0 
15
12
318 217
3
10
10
11
0 1 0 
1 0 1 
0 1 0 
13
17
324 225
3
13
15
15
0 1 1 
1 0 1 
1 1 0 
11
18
12
325 255
2
14
13
0 1 
1 0 
19
328 241
3
14
11
11
0 1 1 
1 0 1 
1 1 0 
15
14
14
336 299
3
15
13
13
0 1 1 
1 0 1 
1 1 0 
14
13
17
337 299
2
10
10
0 1 
1 0 
12
350 260
3
14
12
11
0 0 1 
0 0 1 
1 1 0 
11
13
353 232
2
15
12
0 1 
1 0 
15
354 273
2
13
12
0 1 
1 0 
14
356 262
3
11
12
11
0 1 1 
1 0 1 
1 1 0 
16
11
10
357 237
3
10
11
12
0 1 0 
1 0 1 
0 1 0 
13
17
365 234
4
12
12
10
15
0 1 1 0 
1 0 0 1 
1 0 0 0 
0 1 0 0 
12
16
12
367 215
2
15
15
0 1 
1 0 
15
370 226
4
11
12
13
12
0 1 1 0 
1 0 0 1 
1 0 0 0 
0 1 0 0 
11
19
13
372 224
3
10
10
10
0 1 1 
1 0 0 
1 0 0 
14
12
373 222
3
10
15
15
0 1 0 
1 0 1 
0 1 0 
20
19
381 224
3
15
11
13
0 1 0 
1 0 1 
0 1 0 
13
19
385 200
3
13
12
15
0 1 1 
1 0 0 
1 0 0 
14
15
387 265
2
15
11
0 1 
1 0 
17
390 210
3
10
12
13
0 1 1 
1 0 1 
1 1 0 
13
13
15
394 250
3
14
15
12
0 1 1 
1 0 1 
1 1 0 
12
18
14
395 244
4
13
12
13
12
0 1 1 1 
1 0 0 0 
1 0 0 0 
1 0 0 0 
17
16
14
399 244
3
15
11
10
0 1 1 
1 0 1 
1 1 0 
20
17
15
401 276
4
10
12
15
11
0 1 0 1 
1 0 1 1 
0 1 0 1 
1 1 1 0 
17
17
11
20
11
403 228
2
14
12
0 1 
1 0 
16
408 264
2
13
15
0 1 
1 0 
19
409 220
2
14
15
0 1 
1 0 
16
413 277
2
13
13
0 1 
1 0 
10
417 236
3
14
13
12
0 1 1 
1 0 1 
1 1 0 
11
13
16
419 208
2
10
10
0 1 
1 0 
16
422 267
2
12
13
0 1 
1 0 
15
424 275
3
15
13
15
0 1 1 
1 0 0 
1 0 0 
10
10
428 246
2
12
11
0 1 
1 0 
10
436 226
2
13
13
0 1 
1 0 
15
437 264
2
15
10
0 1 
1 0 
14
446 209
3
10
12
12
0 0 1 
0 0 1 
1 1 0 
10
18
447 264
4
12
11
11
12
0 1 0 0 
1 0 0 1 
0 0 0 1 
0 1 1 0 
13
15
12
448 224
3
10
13
11
0 1 0 
1 0 1 
0 1 0 
17
16
453 296
4
11
12
11
15
0 1 0 1 
1 0 1 0 
0 1 0 0 
1 0 0 0 
11
10
14
456 214
4
10
15
14
15
0 1 0 0 
1 0 0 1 
0 0 0 1 
0 1 1 0 
14
16
11
457 227
4
14
15
14
10
0 1 0 0 
1 0 0 1 
0 0 0 1 
0 1 1 0 
19
10
18
462 225
3
14
12
10
0 1 1 
1 0 0 
1 0 0 
13
15
465 283
3
14
11
10
0 1 1 
1 0 0 
1 0 0 
19
10
468 234
3
14
13
10
0 1 1 
1 0 0 
1 0 0 
17
16
469 264
2
11
14
0 1 
1 0 
16
470 218
2
15
11
0 1 
1 0 
15
471 266
3
13
14
12
0 1 1 
1 0 0 
1 0 0 
19
17
473 202
4
15
11
15
15
0 1 0 0 
1 0 1 0 
0 1 0 1 
0 0 1 0 
13
19
15
476 204
2
12
10
0 1 
1 0 
18
486 224
2
14
14
0 1 
1 0 
11
489 274
3
14
15
14
0 1 1 
1 0 1 
1 1 0 
19
18
14
508 237
2
12
11
0 1 
1 0 
14
510 257
2
10
15
0 1 
1 0 
19
516 214
3
15
15
11
0 1 1 
1 0 1 
1 1 0 
17
12
20
528 201
2
11
11
0 1 
1 0 
13
529 202
2
12
13
0 1 
1 0 
17
531 203
3
12
15
10
0 1 1 
1 0 1 
1 1 0 
15
18
12
533 220
3
15
14
14
0 0 1 
0 0 1 
1 1 0 
19
19
534 235
2
11
13
0 1 
1 0 
20
539 259
4
12
15
15
10
0 1 1 1 
1 0 0 0 
1 0 0 0 
1 0 0 0 
20
18
18
541 228
4
15
12
12
11
0 1 0 0 
1 0 1 1 
0 1 0 1 
0 1 1 0 
20
10
14
12
542 214
3
15
14
14
0 0 1 
0 0 1 
1 1 0 
18
16
543 204
3
13
14
10
0 1 0 
1 0 1 
0 1 0 
10
20
548 205
3
11
13
11
0 1 1 
1 0 0 
1 0 0 
12
10
549 231
4
15
12
14
14
0 1 1 1 
1 0 1 0 
1 1 0 0 
1 0 0 0 
18
17
13
14
555 265
3
15
14
11
0 1 1 
1 0 1 
1 1 0 
11
20
18
558 249
3
11
11
15
0 0 1 
0 0 1 
1 1 0 
12
11
561 231
4
14
14
14
15
0 0 1 1 
0 0 0 1 
1 0 0 0 
1 1 0 0 
10
14
13
566 274
3
14
14
10
0 1 0 
1 0 1 
0 1 0 
20
19
569 206
4
10
13
10
14
0 1 0 0 
1 0 1 1 
0 1 0 0 
0 1 0 0 
17
18
10
577 208
3
12
10
14
0 1 1 
1 0 1 
1 1 0 
13
17
19
588 240
2
15
15
0 1 
1 0 
18
591 242
2
14
13
0 1 
1 0 
15
595 289
4
14
15
15
12
0 1 0 0 
1 0 1 1 
0 1 0 1 
0 1 1 0 
17
14
14
20
601 267
3
14
15
11
0 1 1 
1 0 1 
1 1 0 
10
14
10
603 287
4
13
11
14
13
0 0 0 1 
0 0 1 1 
0 1 0 0 
1 1 0 0 
17
11
14
609 298
3
11
12
15
0 1 1 
1 0 1 
1 1 0 
10
18
13
610 250
4
13
13
11
11
0 0 1 1 
0 0 0 1 
1 0 0 1 
1 1 1 0 
13
19
12
15
618 271
3
15
15
10
0 1 1 
1 0 1 
1 1 0 
11
15
16
620 263
4
15
12
13
12
0 1 1 0 
1 0 1 0 
1 1 0 1 
0 0 1 0 
20
14
13
10
622 222
3
13
10
15
0 0 1 
0 0 1 
1 1 0 
19
12
625 269
4
13
13
12
13
0 1 1 1 
1 0 0 1 
1 0 0 1 
1 1 1 0 
12
11
12
20
11
627 202
3
11
11
15
0 1 1 
1 0 1 
1 1 0 
19
20
12
634 292
2
12
13
0 1 
1 0 
19
636 262
4
15
12
10
11
0 1 1 1 
1 0 1 1 
1 1 0 1 
1 1 1 0 
19
14
12
19
15
15
643 256
4
14
12
15
10
0 0 0 1 
0 0 0 1 
0 0 0 1 
1 1 1 0 
17
10
20
655 241
2
12
11
0 1 
1 0 
20
659 256
4
11
13
11
13
0 0 1 1 
0 0 1 1 
1 1 0 0 
1 1 0 0 
16
18
20
12
660 253
3
10
15
10
0 1 0 
1 0 1 
0 1 0 
16
12
665 209
4
10
14
10
14
0 1 0 1 
1 0 0 1 
0 0 0 1 
1 1 1 0 
16
18
18
18
667 264
4
12
11
13
14
0 1 0 1 
1 0 1 0 
0 1 0 0 
1 0 0 0 
15
20
19
669 264
3
15
15
10
0 1 1 
1 0 0 
1 0 0 
13
19
670 237
4
13
13
12
13
0 1 0 1 
1 0 1 0 
0 1 0 1 
1 0 1 0 
19
14
14
12
672 248
3
14
11
13
0 1 1 
1 0 0 
1 0 0 
17
12
673 286
4
15
14
14
10
0 0 1 1 
0 0 1 0 
1 1 0 1 
1 0 1 0 
11
10
14
15
675 293
4
12
11
14
11
0 1 1 0 
1 0 1 0 
1 1 0 1 
0 0 1 0 
14
13
10
10
683 232
4
10
11
15
14
0 0 1 1 
0 0 1 0 
1 1 0 0 
1 0 0 0 
10
13
10
686 293
2
14
12
0 1 
1 0 
11
690 202
2
10
12
0 1 
1 0 
20
697 284
3
11
11
14
0 1 1 
1 0 1 
1 1 0 
14
11
18
700 242
2
12
13
0 1 
1 0 
18
702 225
3
14
10
10
0 1 1 
1 0 1 
1 1 0 
11
10
18
704 213
4
12
12
13
15
0 0 1 1 
0 0 0 1 
1 0 0 1 
1 1 1 0 
17
15
19
10
705 285
3
11
13
13
0 1 1 
1 0 1 
1 1 0 
15
17
17
706 208
4
13
14
11
11
0 1 1 1 
1 0 1 1 
1 1 0 0 
1 1 0 0 
14
14
16
14
18
709 239
2
11
13
0 1 
1 0 
14
712 233
3
11
10
15
0 1 1 
1 0 1 
1 1 0 
16
17
20
715 252
4
13
12
15
12
0 1 0 0 
1 0 1 1 
0 1 0 1 
0 1 1 0 
13
20
20
19
718 252
3
11
15
10
0 1 1 
1 0 0 
1 0 0 
13
14
721 285
4
11
15
15
11
0 0 1 0 
0 0 1 1 
1 1 0 1 
0 1 1 0 
20
18
15
20
726 214
4
10
11
10
11
0 1 0 1 
1 0 1 1 
0 1 0 0 
1 1 0 0 
16
16
19
10
729 248
4
14
12
10
14
0 1 0 1 
1 0 1 0 
0 1 0 0 
1 0 0 0 
17
11
20
730 270
4
14
13
11
15
0 1 1 0 
1 0 1 0 
1 1 0 1 
0 0 1 0 
19
15
15
10
731 261
3
12
12
10
0 1 1 
1 0 1 
1 1 0 
17
17
16
732 229
3
15
13
10
0 1 0 
1 0 1 
0 1 0 
11
15
733 285
2
14
12
0 1 
1 0 
20
734 251
3
12
14
15
0 0 1 
0 0 1 
1 1 0 
15
13
736 203
2
13
14
0 1 
1 0 
14
741 285
4
11
15
13
15
0 1 1 0 
1 0 0 1 
1 0 0 1 
0 1 1 0 
11
10
11
19
743 254
2
10
14
0 1 
1 0 
10
752 284
3
13
14
15
0 1 1 
1 0 1 
1 1 0 
15
10
16
755 201
3
13
10
14
0 1 1 
1 0 1 
1 1 0 
12
13
17
757 291
3
11
14
14
0 0 1 
0 0 1 
1 1 0 
10
12
761 214
4
12
10
11
12
0 1 1 0 
1 0 0 1 
1 0 0 1 
0 1 1 0 
13
17
17
14
762 247
2
12
10
0 1 
1 0 
15
768 210
3
14
12
13
0 0 1 
0 0 1 
1 1 0 
14
12
769 292
2
11
15
0 1 
1 0 
18
783 282
4
10
12
11
11
0 1 0 1 
1 0 0 1 
0 0 0 1 
1 1 1 0 
13
19
13
12
791 285
3
10
14
12
0 1 0 
1 0 1 
0 1 0 
10
18
793 211
3
12
15
11
0 1 1 
1 0 1 
1 1 0 
13
13
20
800 222
4
10
11
15
12
0 0 0 1 
0 0 1 0 
0 1 0 1 
1 0 1 0 
12
18
19
808 255
2
14
13
0 1 
1 0 
16
809 264
4
12
10
11
10
0 1 1 1 
1 0 1 1 
1 1 0 0 
1 1 0 0 
14
20
11
10
16
811 205
3
15
12
12
0 0 1 
0 0 1 
1 1 0 
19
15
821 275
4
10
11
14
11
0 0 0 1 
0 0 1 0 
0 1 0 1 
1 0 1 0 
18
18
20
825 209
2
14
12
0 1 
1 0 
20
834 232
3
11
15
14
0 1 1 
1 0 0 
1 0 0 
18
11
836 231
2
10
12
0 1 
1 0 
19
838 238
3
14
10
13
0 1 1 
1 0 1 
1 1 0 
20
18
11
841 235
2
11
13
0 1 
1 0 
18
846 235
2
14
15
0 1 
1 0 
18
854 276
2
11
15
0 1 
1 0 
18
856 233
2
11
12
0 1 
1 0 
12
864 283
4
14
12
11
15
0 1 0 0 
1 0 1 1 
0 1 0 0 
0 1 0 0 
15
11
19
865 201
3
11
10
12
0 0 1 
0 0 1 
1 1 0 
16
14
870 269
4
13
13
12
15
0 1 0 1 
1 0 0 1 
0 0 0 1 
1 1 1 0 
20
12
14
10
874 232
4
13
13
15
14
0 1 0 1 
1 0 1 0 
0 1 0 1 
1 0 1 0 
19
14
20
15
878 205
3
12
10
13
0 1 1 
1 0 0 
1 0 0 
20
10
880 230
4
13
11
15
10
0 0 0 1 
0 0 0 1 
0 0 0 1 
1 1 1 0 
19
17
15
882 290
3
11
13
11
0 1 0 
1 0 1 
0 1 0 
20
12
888 213
2
11
11
0 1 
1 0 
15
893 211
2
10
12
0 1 
1 0 
20
894 274
2
15
13
0 1 
1 0 
12
897 228
4
13
10
15
14
0 0 1 0 
0 0 1 1 
1 1 0 1 
0 1 1 0 
17
10
15
12
901 282
2
11
10
0 1 
1 0 
15
905 215
3
14
11
13
0 1 1 
1 0 1 
1 1 0 
18
14
14
907 271
2
11
15
0 1 
1 0 
16
908 257
2
10
13
0 1 
1 0 
11
914 259
3
12
13
13
0 1 1 
1 0 1 
1 1 0 
13
19
20
915 243
3
10
11
13
0 1 1 
1 0 1 
1 1 0 
19
16
19
920 213
4
15
10
10
14
0 0 0 1 
0 0 1 1 
0 1 0 0 
1 1 0 0 
20
10
13
924 286
4
11
14
13
12
0 1 1 1 
1 0 0 0 
1 0 0 1 
1 0 1 0 
12
19
19
13
929 274
2
10
14
0 1 
1 0 
18
930 254
4
12
14
15
15
0 1 1 0 
1 0 1 1 
1 1 0 0 
0 1 0 0 
11
12
16
10
939 202
4
11
15
13
10
0 0 1 1 
0 0 1 1 
1 1 0 1 
1 1 1 0 
20
11
18
11
16
940 225
3
11
14
12
0 0 1 
0 0 1 
1 1 0 
17
17
942 205
4
13
12
15
15
0 1 1 1 
1 0 0 1 
1 0 0 0 
1 1 0 0 
12
16
15
20
944 222
2
10
14
0 1 
1 0 
11
950 207
2
15
10
0 1 
1 0 
17
951 242
2
12
10
0 1 
1 0 
19
952 236
4
10
13
11
10
0 1 0 1 
1 0 1 1 
0 1 0 0 
1 1 0 0 
16
14
13
10
955 214
4
12
14
11
11
0 0 0 1 
0 0 1 1 
0 1 0 0 
1 1 0 0 
19
12
11
956 226
4
11
12
15
11
0 1 0 0 
1 0 0 1 
0 0 0 1 
0 1 1 0 
11
19
14
960 223
4
10
10
12
13
0 1 1 0 
1 0 1 1 
1 1 0 0 
0 1 0 0 
10
16
11
11
969 209
4
14
11
13
11
0 0 1 1 
0 0 1 0 
1 1 0 1 
1 0 1 0 
16
17
12
17
971 249
3
10
10
12
0 0 1 
0 0 1 
1 1 0 
20
11
972 247
4
11
10
15
11
0 0 1 1 
0 0 1 0 
1 1 0 1 
1 0 1 0 
20
17
18
12
974 235
2
14
13
0 1 
1 0 
15
981 205
3
15
13
15
0 1 0 
1 0 1 
0 1 0 
20
11
987 274
4
12
13
11
10
0 1 0 0 
1 0 1 0 
0 1 0 1 
0 0 1 0 
17
11
11
988 293
3
11
15
14
0 1 0 
1 0 1 
0 1 0 
19
10
999 203
3
13
12
10
0 1 1 
1 0 1 
1 1 0 
15
10
17