2 254
4
15
11
13
10
0 1 0 1 
1 0 0 0 
0 0 0 1 
1 0 1 0 
14
17
20
7 278
2
15
15
0 1 
1 0 
13
12 232
4
11
14
12
13
0 1 0 0 
1 0 1 0 
0 1 0 1 
0 0 1 0 
16
17
11
16 256
2
14
15
0 1 
1 0 
16
17 291
2
13
14
0 1 
1 0 
19
24 278
2
11
13
0 1 
1 0 
11
26 257
2
10
13
0 1 
1 0 
13
33 299
4
15
14
11
15
0 0 1 1 
0 0 1 1 
1 1 0 0 
1 1 0 0 
19
15
19
17
43 231
3
12
13
13
0 1 1 
1 0 0 
1 0 0 
16
15
44 231
3
11
13
12
0 1 1 
1 0 1 
1 1 0 
20
10
20
46 233
2
10
13
0 1 
1 0 
18
50 236
4
11
13
13
12
0 1 1 1 
1 0 0 0 
1 0 0 0 
1 0 0 0 
12
20
11
57 238
3
14
10
13
0 1 1 
1 0 0 
1 0 0 
16
14
65 214
3
12
14
14
0 1 1 
1 0 0 
1 0 0 
16
20
68 268
2
11
11
0 1 
1 0 
13
72 296
4
11
10
13
15
0 1 1 0 
1 0 0 0 
1 0 0 1 
0 0 1 0 
13
13
10
78 292
2
15
11
0 1 
1 0 
14
90 204
3
15
15
12
0 1 1 
1 0 1 
1 1 0 
11
14
18
91 225
2
15
15
0 1 
1 0 
11
92 230
4
10
10
12
12
0 1 1 1 
1 0 1 0 
1 1 0 1 
1 0 1 0 
11
11
12
14
18
103 281
2
12
13
0 1 
1 0 
18
106 230
3
11
12
11
0 1 1 
1 0 1 
1 1 0 
19
18
18
116 286
3
11
10
10
0 1 0 
1 0 1 
0 1 0 
16
11
117 206
4
13
14
15
10
0 1 1 1 
1 0 0 1 
1 0 0 1 
1 1 1 0 
10
11
16
20
20
119 269
2
15
13
0 1 
1 0 
12
132 250
4
15
11
12
12
0 1 0 1 
1 0 1 0 
0 1 0 1 
1 0 1 0 
13
11
19
16
138 273
4
15
15
12
14
0 0 0 1 
0 0 1 0 
0 1 0 1 
1 0 1 0 
17
16
10
139 241
3
13
15
12
0 1 1 
1 0 1 
1 1 0 
17
19
13
153 263
3
14
15
15
0 1 1 
1 0 1 
1 1 0 
17
14
19
155 251
2
15
14
0 1 
1 0 
12
157 242
2
11
11
0 1 
1 0 
11
158 205
2
12
12
0 1 
1 0 
19
160 216
4
11
12
15
12
0 0 1 0 
0 0 1 1 
1 1 0 1 
0 1 1 0 
16
12
16
14
165 213
3
14
10
14
0 0 1 
0 0 1 
1 1 0 
14
16
167 266
4
11
11
14
10
0 0 1 0 
0 0 1 1 
1 1 0 1 
0 1 1 0 
18
13
19
17
168 219
4
14
11
15
14
0 0 1 1 
0 0 0 1 
1 0 0 1 
1 1 1 0 
20
11
19
17
176 266
2
10
12
0 1 
1 0 
17
181 269
4
13
10
11
11
0 0 0 1 
0 0 1 1 
0 1 0 0 
1 1 0 0 
12
16
14
184 229
2
14
10
0 1 
1 0 
11
185 228
3
11
13
12
0 0 1 
0 0 1 
1 1 0 
14
12
192 219
4
10
10
11
12
0 0 1 0 
0 0 1 0 
1 1 0 1 
0 0 1 0 
12
18
12
195 214
4
12
13
13
11
0 1 1 0 
1 0 1 1 
1 1 0 0 
0 1 0 0 
16
19
11
15
197 271
2
15
11
0 1 
1 0 
14
207 245
3
15
12
14
0 0 1 
0 0 1 
1 1 0 
15
20
209 283
4
14
12
11
12
0 1 1 1 
1 0 1 0 
1 1 0 1 
1 0 1 0 
15
14
19
18
14
210 206
4
12
10
13
15
0 1 1 1 
1 0 0 1 
1 0 0 1 
1 1 1 0 
19
11
14
12
10
218 232
2
12
13
0 1 
1 0 
18
221 250
2
14
14
0 1 
1 0 
19
222 252
3
12
15
12
0 1 1 
1 0 1 
1 1 0 
12
13
10
224 226
4
15
11
11
11
0 1 0 1 
1 0 1 1 
0 1 0 0 
1 1 0 0 
20
11
15
19
234 253
2
12
13
0 1 
1 0 
14
236 257
2
14
11
0 1 
1 0 
15
244 252
3
12
13
12
0 1 0 
1 0 1 
0 1 0 
14
13
260 233
2
13
12
0 1 
1 0 
13
264 226
3
11
12
15
0 0 1 
0 0 1 
1 1 0 
12
19
265 262
4
13
10
10
11
0 1 0 1 
1 0 0 1 
0 0 0 1 
1 1 1 0 
17
10
13
10
266 226
3
11
10
10
0 1 1 
1 0 1 
1 1 0 
14
15
16
270 208
2
12
14
0 1 
1 0 
12
271 272
3
12
15
10
0 1 1 
1 0 1 
1 1 0 
16
11
12
275 239
2
11
13
0 1 
1 0 
11
277 233
2
10
14
0 1 
1 0 
11
278 290
3
14
10
12
0 0 1 
0 0 1 
1 1 0 
11
11
280 205
4
14
13
10
15
0 1 0 1 
1 0 1 1 
0 1 0 1 
1 1 1 0 
15
17
15
18
10
283 240
2
12
12
0 1 
1 0 
19
285 281
4
13
12
12
14
0 0 1 1 
0 0 1 0 
1 1 0 1 
1 0 1 0 
15
10
16
16
287 208
2
14
15
0 1 
1 0 
11
290 260
4
12
12
10
15
0 1 1 0 
1 0 0 1 
1 0 0 1 
0 1 1 0 
18
11
18
13
293 299
3
12
12
12
0 1 0 
1 0 1 
0 1 0 
19
10
303 261
4
12
11
12
10
0 1 1 1 
1 0 0 1 
1 0 0 0 
1 1 0 0 
13
20
16
16
304 268
3
12
14
14
0 1 0 
1 0 1 
0 1 0 
12
19
305 202
3
10
11
10
0 1 1 
1 0 1 
1 1 0 
20
11
14
313 260
4
10
13
11
12
0 1 1 0 
1 0 1 1 
1 1 0 1 
0 1 1 0 
13
13
18
13
18
316 200
4
15
11
14
12
0 1 0 1 
1 0 1 0 
0 1 0 1 
1 0 1 0 
19
19
17
19
327 279
2
15
11
0 1 
1 0 
11
328 287
3
14
13
14
0 0 1 
0 0 1 
1 1 0 
18
16
331 271
4
12
14
13
10
0 1 0 1 
1 0 0 0 
0 0 0 1 
1 0 1 0 
18
14
18
335 210
4
11
15
12
15
0 0 1 0 
0 0 1 0 
1 1 0 1 
0 0 1 0 
15
16
12
346 251
2
14
10
0 1 
1 0 
18
359 214
4
10
14
12
10
0 1 1 0 
1 0 0 1 
1 0 0 1 
0 1 1 0 
12
11
16
19
362 225
4
13
15
11
15
0 0 0 1 
0 0 1 1 
0 1 0 1 
1 1 1 0 
20
19
12
10
365 295
3
11
15
15
0 1 0 
1 0 1 
0 1 0 
18
18
366 219
4
14
14
10
12
0 0 1 1 
0 0 0 1 
1 0 0 0 
1 1 0 0 
12
14
17
378 230
2
10
13
0 1 
1 0 
18
382 260
2
13
11
0 1 
1 0 
17
384 261
4
15
13
13
15
0 1 0 1 
1 0 1 0 
0 1 0 0 
1 0 0 0 
16
16
19
386 201
4
14
10
13
15
0 1 0 0 
1 0 0 1 
0 0 0 1 
0 1 1 0 
18
20
12
388 240
4
15
13
15
15
0 1 0 0 
1 0 1 1 
0 1 0 0 
0 1 0 0 
14
11
18
389 263
3
15
11
15
0 1 1 
1 0 1 
1 1 0 
10
11
10
400 233
4
15
10
13
10
0 1 1 1 
1 0 0 0 
1 0 0 1 
1 0 1 0 
15
16
15
17
404 238
3
10
11
15
0 1 1 
1 0 0 
1 0 0 
20
10
406 255
3
13
11
13
0 1 1 
1 0 1 
1 1 0 
17
12
18
407 272
4
13
12
15
14
0 0 0 1 
0 0 1 1 
0 1 0 1 
1 1 1 0 
20
13
10
14
418 290
4
13
12
11
15
0 0 0 1 
0 0 1 0 
0 1 0 1 
1 0 1 0 
11
20
16
422 263
3
14
10
14
0 1 0 
1 0 1 
0 1 0 
17
20
425 207
3
12
14
11
0 0 1 
0 0 1 
1 1 0 
12
18
431 278
4
15
14
15
15
0 0 1 0 
0 0 0 1 
1 0 0 1 
0 1 1 0 
13
11
20
450 243
3
13
14
10
0 1 0 
1 0 1 
0 1 0 
10
19
451 210
2
14
15
0 1 
1 0 
10
454 206
4
12
14
11
14
0 0 0 1 
0 0 0 1 
0 0 0 1 
1 1 1 0 
19
16
16
457 280
2
13
13
0 1 
1 0 
19
460 299
3
15
15
12
0 0 1 
0 0 1 
1 1 0 
15
15
463 253
2
10
12
0 1 
1 0 
20
470 288
2
10
10
0 1 
1 0 
12
472 214
2
14
15
0 1 
1 0 
17
476 239
3
14
13
13
0 1 1 
1 0 1 
1 1 0 
12
18
19
479 230
3
12
13
13
0 0 1 
0 0 1 
1 1 0 
13
19
483 241
3
15
14
11
0 1 1 
1 0 0 
1 0 0 
14
19
487 213
3
12
10
12
0 1 0 
1 0 1 
0 1 0 
15
15
491 292
3
13
12
14
0 1 1 
1 0 1 
1 1 0 
10
10
14
492 273
2
12
15
0 1 
1 0 
11
500 292
3
13
10
13
0 1 1 
1 0 1 
1 1 0 
20
12
14
502 272
4
11
11
13
13
0 0 0 1 
0 0 1 1 
0 1 0 0 
1 1 0 0 
18
17
19
505 236
2
14
12
0 1 
1 0 
16
511 205
2
13
11
0 1 
1 0 
14
514 298
3
13
10
10
0 1 1 
1 0 1 
1 1 0 
19
17
18
517 217
3
10
12
15
0 1 1 
1 0 1 
1 1 0 
20
17
13
521 204
3
12
13
14
0 1 1 
1 0 1 
1 1 0 
12
15
16
523 217
2
14
12
0 1 
1 0 
11
524 232
4
12
14
13
13
0 1 1 0 
1 0 0 0 
1 0 0 1 
0 0 1 0 
16
12
18
527 214
4
12
14
15
13
0 1 1 0 
1 0 1 1 
1 1 0 0 
0 1 0 0 
17
18
13
13
528 298
4
15
11
12
12
0 1 0 1 
1 0 0 0 
0 0 0 1 
1 0 1 0 
19
20
13
529 268
4
15
13
10
13
0 1 1 0 
1 0 1 1 
1 1 0 1 
0 1 1 0 
19
15
18
13
12
530 277
3
13
12
14
0 1 1 
1 0 1 
1 1 0 
12
10
19
534 295
4
11
12
15
13
0 1 1 0 
1 0 1 1 
1 1 0 0 
0 1 0 0 
19
18
15
16
537 259
4
12
14
12
15
0 1 0 1 
1 0 0 0 
0 0 0 1 
1 0 1 0 
19
10
20
542 219
3
13
12
15
0 0 1 
0 0 1 
1 1 0 
18
10
543 295
2
14
12
0 1 
1 0 
20
547 239
4
10
13
14
14
0 0 1 1 
0 0 0 1 
1 0 0 1 
1 1 1 0 
19
20
14
13
551 229
3
14
13
15
0 1 1 
1 0 1 
1 1 0 
12
19
11
553 261
4
15
14
10
10
0 0 1 0 
0 0 0 1 
1 0 0 1 
0 1 1 0 
15
16
17
555 200
4
10
14
12
15
0 1 1 1 
1 0 0 1 
1 0 0 1 
1 1 1 0 
11
19
20
16
17
556 273
2
11
13
0 1 
1 0 
13
560 221
3
15
15
14
0 1 1 
1 0 0 
1 0 0 
12
11
568 280
3
14
15
10
0 1 1 
1 0 1 
1 1 0 
11
12
18
569 231
4
13
15
10
15
0 1 0 0 
1 0 1 1 
0 1 0 1 
0 1 1 0 
19
18
10
10
570 207
3
14
10
10
0 1 1 
1 0 0 
1 0 0 
17
19
572 232
4
11
15
13
12
0 0 1 1 
0 0 0 1 
1 0 0 0 
1 1 0 0 
16
10
17
573 229
2
12
11
0 1 
1 0 
15
578 247
4
15
15
13
11
0 1 0 1 
1 0 0 1 
0 0 0 1 
1 1 1 0 
13
19
11
20
582 228
4
11
15
11
15
0 1 0 1 
1 0 1 0 
0 1 0 0 
1 0 0 0 
16
14
14
590 252
2
11
15
0 1 
1 0 
11
592 247
2
14
13
0 1 
1 0 
18
606 270
2
15
12
0 1 
1 0 
14
610 244
4
14
15
13
11
0 1 1 0 
1 0 0 0 
1 0 0 1 
0 0 1 0 
18
13
12
614 249
3
11
11
12
0 1 1 
1 0 0 
1 0 0 
18
14
617 223
3
13
15
13
0 1 1 
1 0 1 
1 1 0 
19
20
13
618 290
3
11
15
11
0 1 1 
1 0 1 
1 1 0 
11
17
11
620 292
2
11
15
0 1 
1 0 
13
621 237
4
10
15
11
12
0 1 1 0 
1 0 0 1 
1 0 0 0 
0 1 0 0 
16
19
19
622 209
4
10
12
15
15
0 0 0 1 
0 0 1 1 
0 1 0 1 
1 1 1 0 
11
16
16
10
624 287
2
15
10
0 1 
1 0 
20
625 281
2
15
12
0 1 
1 0 
14
632 290
4
13
11
14
13
0 1 1 0 
1 0 1 1 
1 1 0 1 
0 1 1 0 
19
11
13
15
19
636 237
4
13
10
12
15
0 1 1 1 
1 0 0 1 
1 0 0 1 
1 1 1 0 
12
18
17
10
10
639 239
3
11
13
10
0 1 1 
1 0 1 
1 1 0 
12
19
19
663 265
3
10
12
14
0 1 0 
1 0 1 
0 1 0 
13
19
664 279
2
12
12
0 1 
1 0 
10
665 244
2
14
10
0 1 
1 0 
20
666 250
3
10
13
12
0 1 0 
1 0 1 
0 1 0 
11
13
672 281
4
15
14
15
13
0 1 1 1 
1 0 1 0 
1 1 0 1 
1 0 1 0 
19
10
12
10
16
679 272
4
10
10
15
12
0 1 1 1 
1 0 0 1 
1 0 0 0 
1 1 0 0 
15
17
11
20
683 257
2
11
15
0 1 
1 0 
18
684 297
3
12
11
14
0 0 1 
0 0 1 
1 1 0 
13
18
685 267
3
14
14
13
0 0 1 
0 0 1 
1 1 0 
17
14
692 254
2
15
14
0 1 
1 0 
10
693 201
4
12
11
11
15
0 0 0 1 
0 0 0 1 
0 0 0 1 
1 1 1 0 
11
16
14
696 201
2
13
15
0 1 
1 0 
16
697 254
3
15
10
10
0 1 1 
1 0 1 
1 1 0 
14
18
10
698 279
4
10
13
15
11
0 0 1 0 
0 0 1 1 
1 1 0 1 
0 1 1 0 
18
10
19
19
703 203
2
15
15
0 1 
1 0 
18
704 241
3
12
11
12
0 1 1 
1 0 1 
1 1 0 
17
17
13
705 236
2
15
15
0 1 
1 0 
10
707 226
3
13
13
12
0 0 1 
0 0 1 
1 1 0 
15
16
712 269
2
13
14
0 1 
1 0 
20
716 291
4
14
14
15
15
0 1 1 1 
1 0 0 0 
1 0 0 0 
1 0 0 0 
20
11
12
720 236
3
14
13
15
0 1 1 
1 0 0 
1 0 0 
12
16
725 281
3
13
10
10
0 0 1 
0 0 1 
1 1 0 
10
15
727 290
4
13
14
15
11
0 1 1 0 
1 0 1 1 
1 1 0 1 
0 1 1 0 
20
13
11
14
20
731 273
2
11
15
0 1 
1 0 
11
732 202
4
11
10
15
10
0 1 1 0 
1 0 0 1 
1 0 0 1 
0 1 1 0 
11
15
10
16
733 246
2
14
13
0 1 
1 0 
19
739 251
2
11
12
0 1 
1 0 
10
750 204
2
13
11
0 1 
1 0 
17
752 201
3
15
13
15
0 1 0 
1 0 1 
0 1 0 
16
18
753 289
4
14
12
10
13
0 0 1 1 
0 0 1 1 
1 1 0 0 
1 1 0 0 
18
19
19
17
754 290
2
10
15
0 1 
1 0 
16
758 265
3
14
13
15
0 1 0 
1 0 1 
0 1 0 
16
17
780 222
2
11
11
0 1 
1 0 
19
782 254
2
14
14
0 1 
1 0 
14
785 254
2
15
15
0 1 
1 0 
14
802 203
4
14
12
15
12
0 0 0 1 
0 0 1 1 
0 1 0 0 
1 1 0 0 
15
14
15
809 287
4
10
11
13
14
0 1 0 0 
1 0 0 1 
0 0 0 1 
0 1 1 0 
11
16
17
825 228
2
15
12
0 1 
1 0 
15
826 255
2
11
14
0 1 
1 0 
18
834 258
2
13
12
0 1 
1 0 
18
837 289
4
15
14
10
14
0 1 0 1 
1 0 0 1 
0 0 0 1 
1 1 1 0 
20
14
10
10
839 224
2
11
15
0 1 
1 0 
15
844 268
3
13
14
12
0 1 1 
1 0 1 
1 1 0 
20
18
14
845 282
4
11
12
14
14
0 1 0 0 
1 0 1 0 
0 1 0 1 
0 0 1 0 
16
13
10
848 240
2
11
10
0 1 
1 0 
19
850 232
3
10
15
13
0 1 1 
1 0 1 
1 1 0 
11
10
16
856 268
2
15
11
0 1 
1 0 
13
858 209
2
14
10
0 1 
1 0 
10
859 210
2
13
12
0 1 
1 0 
10
861 296
4
11
12
15
14
0 0 1 1 
0 0 0 1 
1 0 0 1 
1 1 1 0 
20
17
18
12
863 264
3
10
14
15
0 1 1 
1 0 0 
1 0 0 
14
13
875 236
3
13
14
14
0 1 1 
1 0 1 
1 1 0 
20
18
19
877 222
2
12
13
0 1 
1 0 
10
883 234
2
13
14
0 1 
1 0 
17
888 251
3
10
11
10
0 1 1 
1 0 1 
1 1 0 
20
18
12
895 215
3
12
14
10
0 1 1 
1 0 1 
1 1 0 
17
17
19
904 210
2
13
14
0 1 
1 0 
15
912 278
3
12
12
12
0 1 1 
1 0 0 
1 0 0 
11
13
924 204
2
12
10
0 1 
1 0 
13
928 240
3
15
14
14
0 1 1 
1 0 1 
1 1 0 
19
15
15
930 293
4
13
14
14
14
0 1 1 1 
1 0 1 0 
1 1 0 0 
1 0 0 0 
11
12
11
11
932 261
3
11
14
12
0 1 1 
1 0 1 
1 1 0 
18
13
18
936 284
4
14
10
11
10
0 0 1 1 
0 0 1 1 
1 1 0 1 
1 1 1 0 
19
19
18
10
15
937 219
2
15
12
0 1 
1 0 
13
940 278
4
14
14
11
13
0 1 1 0 
1 0 1 1 
1 1 0 1 
0 1 1 0 
14
20
14
17
12
942 297
2
12
12
0 1 
1 0 
15
945 248
3
15
10
14
0 1 1 
1 0 1 
1 1 0 
14
10
15
950 205
2
15
15
0 1 
1 0 
17
951 234
4
10
10
11
15
0 1 0 0 
1 0 0 1 
0 0 0 1 
0 1 1 0 
13
16
16
966 249
4
15
12
14
13
0 1 0 0 
1 0 0 1 
0 0 0 1 
0 1 1 0 
17
11
16
967 227
2
11
13
0 1 
1 0 
19
970 270
2
12
10
0 1 
1 0 
20
971 226
3
15
10
10
0 1 1 
1 0 1 
1 1 0 
12
14
10
973 231
4
10
12
14
15
0 0 1 0 
0 0 0 1 
1 0 0 1 
0 1 1 0 
12
15
11
987 244
3
15
11
15
0 1 0 
1 0 1 
0 1 0 
13
10
990 201
4
12
15
11
15
0 0 0 1 
0 0 1 1 
0 1 0 1 
1 1 1 0 
16
12
17
20
995 273
4
12
13
14
11
0 1 0 0 
1 0 0 1 
0 0 0 1 
0 1 1 0 
17
19
17
996 277
4
15
14
10
12
0 1 0 1 
1 0 0 1 
0 0 0 1 
1 1 1 0 
11
17
19
13
997 204
3
15
10
11
0 1 1 
1 0 1 
1 1 0 
15
19
15