3 10000
2
14
12
0 1 
1 0 
16
16 10000
4
10
10
11
12
0 1 1 0 
1 0 1 0 
1 1 0 1 
0 0 1 0 
19
12
11
17
39 10000
4
14
14
15
12
0 0 0 1 
0 0 1 1 
0 1 0 0 
1 1 0 0 
10
15
17
84 10000
3
12
14
13
0 1 1 
1 0 1 
1 1 0 
10
18
14
86 10000
4
12
14
11
11
0 0 1 0 
0 0 1 0 
1 1 0 1 
0 0 1 0 
19
18
12
110 10000
2
13
14
0 1 
1 0 
16
133 10000
4
14
12
11
15
0 0 0 1 
0 0 1 1 
0 1 0 0 
1 1 0 0 
19
15
11
148 10000
2
12
12
0 1 
1 0 
17
156 10000
2
11
12
0 1 
1 0 
14
174 10000
4
14
11
14
12
0 0 1 1 
0 0 1 1 
1 1 0 1 
1 1 1 0 
11
11
14
19
15
175 10000
2
12
13
0 1 
1 0 
10
178 10000
3
13
13
14
0 0 1 
0 0 1 
1 1 0 
19
19
188 10000
3
14
13
11
0 1 1 
1 0 1 
1 1 0 
13
10
11
189 10000
3
14
11
11
0 1 1 
1 0 1 
1 1 0 
13
16
12
196 10000
2
11
10
0 1 
1 0 
11
210 10000
3
11
14
14
0 1 1 
1 0 1 
1 1 0 
16
20
12
223 10000
2
12
15
0 1 
1 0 
17
259 10000
2
12
13
0 1 
1 0 
11
267 10000
3
10
14
10
0 1 1 
1 0 1 
1 1 0 
10
12
20
311 10000
2
13
12
0 1 
1 0 
11
331 10000
3
13
15
15
0 1 0 
1 0 1 
0 1 0 
13
11
346 10000
4
15
13
15
14
0 0 0 1 
0 0 1 1 
0 1 0 0 
1 1 0 0 
13
18
20
430 10000
3
12
15
10
0 1 0 
1 0 1 
0 1 0 
11
17
433 10000
4
15
15
10
10
0 1 0 0 
1 0 1 1 
0 1 0 0 
0 1 0 0 
16
16
14
449 10000
2
10
10
0 1 
1 0 
19
456 10000
2
13
10
0 1 
1 0 
12
465 10000
3
11
13
13
0 1 1 
1 0 1 
1 1 0 
17
14
11
471 10000
4
11
11
14
15
0 1 0 1 
1 0 0 1 
0 0 0 1 
1 1 1 0 
12
14
18
12
523 10000
2
10
13
0 1 
1 0 
15
528 10000
4
14
11
10
12
0 1 1 1 
1 0 1 0 
1 1 0 1 
1 0 1 0 
10
15
11
19
17
593 10000
3
14
14
10
0 1 1 
1 0 1 
1 1 0 
14
12
15
597 10000
2
12
12
0 1 
1 0 
12
599 10000
2
13
15
0 1 
1 0 
13
633 10000
3
13
14
15
0 1 1 
1 0 1 
1 1 0 
18
12
16
642 10000
4
13
10
15
10
0 1 1 1 
1 0 1 0 
1 1 0 1 
1 0 1 0 
20
13
18
11
16
688 10000
2
15
14
0 1 
1 0 
10
723 10000
3
12
14
14
0 1 1 
1 0 0 
1 0 0 
16
10
740 10000
3
12
12
15
0 1 1 
1 0 1 
1 1 0 
20
19
14
756 10000
4
12
11
15
10
0 1 1 1 
1 0 1 0 
1 1 0 1 
1 0 1 0 
12
18
12
10
10
760 10000
2
15
11
0 1 
1 0 
10
762 10000
3
13
11
12
0 1 0 
1 0 1 
0 1 0 
15
11
773 10000
4
11
11
14
15
0 1 0 0 
1 0 1 1 
0 1 0 0 
0 1 0 0 
10
16
17
779 10000
3
10
12
11
0 1 0 
1 0 1 
0 1 0 
15
11
792 10000
2
11
11
0 1 
1 0 
14
805 10000
2
15
12
0 1 
1 0 
12
853 10000
2
11
12
0 1 
1 0 
18
856 10000
2
15
13
0 1 
1 0 
13
885 10000
4
14
12
15
11
0 1 0 0 
1 0 1 1 
0 1 0 1 
0 1 1 0 
11
13
17
15
889 10000
3
12
12
11
0 1 0 
1 0 1 
0 1 0 
15
13
909 10000
3
11
12
10
0 0 1 
0 0 1 
1 1 0 
20
19
916 10000
4
10
13
10
13
0 1 1 1 
1 0 1 0 
1 1 0 0 
1 0 0 0 
13
17
16
10
921 10000
4
15
13
15
11
0 1 1 0 
1 0 0 1 
1 0 0 0 
0 1 0 0 
15
10
17
934 10000
4
11
10
15
15
0 1 0 1 
1 0 1 0 
0 1 0 0 
1 0 0 0 
14
20
13
967 10000
4
12
14
13
14
0 0 1 1 
0 0 0 1 
1 0 0 1 
1 1 1 0 
14
18
13
12