1 215
4
10
10
15
15
0 1 1 0 
1 0 0 1 
1 0 0 1 
0 1 1 0 
14
18
11
20
4 206
2
10
10
0 1 
1 0 
13
15 265
2
14
12
0 1 
1 0 
16
16 295
2
11
13
0 1 
1 0 
17
19 246
2
14
12
0 1 
1 0 
17
20 250
3
14
15
15
0 1 0 
1 0 1 
0 1 0 
10
17
23 245
4
14
10
12
10
0 1 0 1 
1 0 0 1 
0 0 0 1 
1 1 1 0 
16
12
10
13
24 209
4
12
15
13
12
0 1 0 0 
1 0 1 1 
0 1 0 0 
0 1 0 0 
19
13
10
35 200
2
14
12
0 1 
1 0 
19
54 276
4
13
10
14
12
0 1 0 0 
1 0 0 1 
0 0 0 1 
0 1 1 0 
20
10
10
57 253
2
15
14
0 1 
1 0 
13
59 252
4
14
14
15
11
0 1 1 1 
1 0 1 1 
1 1 0 1 
1 1 1 0 
19
20
17
16
19
16
70 297
3
11
12
11
0 1 1 
1 0 0 
1 0 0 
14
11
73 262
2
10
14
0 1 
1 0 
17
74 296
2
12
11
0 1 
1 0 
14
76 277
3
13
12
12
0 1 1 
1 0 1 
1 1 0 
17
17
17
77 201
4
13
12
14
14
0 0 1 0 
0 0 1 1 
1 1 0 0 
0 1 0 0 
19
18
19
82 209
3
15
13
14
0 1 1 
1 0 0 
1 0 0 
19
10
83 280
2
14
12
0 1 
1 0 
18
93 244
4
12
12
11
14
0 1 0 1 
1 0 1 1 
0 1 0 1 
1 1 1 0 
11
11
20
14
20
94 223
2
12
13
0 1 
1 0 
11
97 233
2
14
10
0 1 
1 0 
12
101 263
2
11
13
0 1 
1 0 
11
105 261
2
11
10
0 1 
1 0 
12
106 236
4
10
11
13
14
0 0 1 1 
0 0 1 0 
1 1 0 1 
1 0 1 0 
15
15
13
10
129 291
2
14
15
0 1 
1 0 
14
132 238
4
15
14
10
11
0 1 0 0 
1 0 1 1 
0 1 0 0 
0 1 0 0 
17
18
19
139 277
2
15
10
0 1 
1 0 
20
141 278
3
10
12
14
0 1 1 
1 0 0 
1 0 0 
10
16
144 280
4
13
12
13
12
0 1 1 0 
1 0 1 0 
1 1 0 1 
0 0 1 0 
17
10
14
20
146 226
2
13
14
0 1 
1 0 
10
147 231
3
13
13
11
0 1 1 
1 0 1 
1 1 0 
11
19
14
149 288
3
14
15
13
0 1 0 
1 0 1 
0 1 0 
20
10
150 230
2
14
15
0 1 
1 0 
11
153 230
3
11
14
11
0 1 1 
1 0 1 
1 1 0 
10
18
12
159 272
3
11
11
13
0 1 1 
1 0 1 
1 1 0 
20
12
17
161 296
3
12
13
13
0 0 1 
0 0 1 
1 1 0 
11
16
163 242
3
10
12
10
0 1 0 
1 0 1 
0 1 0 
12
10
165 282
4
14
13
15
10
0 0 1 1 
0 0 0 1 
1 0 0 0 
1 1 0 0 
16
16
10
177 265
3
11
10
14
0 1 1 
1 0 1 
1 1 0 
17
16
12
178 276
4
10
12
15
10
0 1 1 0 
1 0 0 1 
1 0 0 0 
0 1 0 0 
19
15
16
179 293
4
10
10
14
15
0 0 0 1 
0 0 1 1 
0 1 0 0 
1 1 0 0 
13
11
14
186 221
4
13
10
14
15
0 1 1 1 
1 0 1 1 
1 1 0 1 
1 1 1 0 
15
13
13
16
16
18
188 288
4
10
13
15
12
0 1 1 1 
1 0 1 1 
1 1 0 0 
1 1 0 0 
14
17
18
20
18
190 250
4
14
10
14
10
0 0 1 1 
0 0 1 1 
1 1 0 0 
1 1 0 0 
10
10
18
10
192 205
3
13
12
13
0 1 1 
1 0 0 
1 0 0 
10
15
195 268
3
13
10
14
0 1 1 
1 0 1 
1 1 0 
12
11
20
196 228
4
13
14
12
13
0 1 1 0 
1 0 0 1 
1 0 0 0 
0 1 0 0 
15
13
10
198 210
2
10
11
0 1 
1 0 
15
213 256
2
13
10
0 1 
1 0 
10
214 250
2
15
12
0 1 
1 0 
17
221 284
4
13
13
12
12
0 1 0 1 
1 0 0 0 
0 0 0 1 
1 0 1 0 
14
10
16
230 283
4
11
15
10
13
0 0 1 1 
0 0 0 1 
1 0 0 0 
1 1 0 0 
13
12
11
234 271
3
15
15
13
0 1 1 
1 0 1 
1 1 0 
15
16
12
243 203
2
14
13
0 1 
1 0 
19
249 215
4
13
11
10
15
0 1 0 1 
1 0 1 1 
0 1 0 1 
1 1 1 0 
13
11
13
18
16
250 262
3
11
10
15
0 1 1 
1 0 1 
1 1 0 
15
14
20
257 292
2
12
10
0 1 
1 0 
16
258 293
3
13
15
15
0 1 1 
1 0 1 
1 1 0 
14
18
12
259 288
2
10
14
0 1 
1 0 
15
262 271
2
12
14
0 1 
1 0 
19
267 263
4
10
14
11
14
0 0 0 1 
0 0 1 1 
0 1 0 1 
1 1 1 0 
19
14
14
15
273 240
3
12
15
14
0 1 1 
1 0 1 
1 1 0 
16
12
20
276 202
3
12
15
14
0 1 1 
1 0 1 
1 1 0 
11
15
12
277 295
4
14
11
11
14
0 0 1 1 
0 0 0 1 
1 0 0 1 
1 1 1 0 
16
19
18
13
280 275
3
13
14
14
0 1 1 
1 0 1 
1 1 0 
12
10
17
282 213
4
10
11
15
12
0 1 0 0 
1 0 1 1 
0 1 0 1 
0 1 1 0 
11
19
12
17
285 247
4
14
10
12
12
0 1 0 0 
1 0 1 0 
0 1 0 1 
0 0 1 0 
19
11
12
289 244
3
13
10
11
0 1 0 
1 0 1 
0 1 0 
19
13
292 238
4
13
15
11
10
0 1 1 1 
1 0 0 0 
1 0 0 0 
1 0 0 0 
14
17
16
293 261
3
14
12
12
0 1 1 
1 0 1 
1 1 0 
15
15
18
295 216
3
14
10
13
0 0 1 
0 0 1 
1 1 0 
15
16
306 257
4
11
10
12
12
0 1 1 1 
1 0 0 1 
1 0 0 0 
1 1 0 0 
18
20
12
16
310 286
3
15
15
10
0 1 0 
1 0 1 
0 1 0 
16
16
314 209
2
12
11
0 1 
1 0 
12
317 271
2
15
15
0 1 
1 0 
14
319 210
3
11
14
13
0 0 1 
0 0 1 
1 1 0 
18
16
324 291
4
14
15
11
11
0 0 1 0 
0 0 0 1 
1 0 0 1 
0 1 1 0 
15
10
11
326 250
2
15
13
0 1 
1 0 
13
331 282
2
12
14
0 1 
1 0 
17
333 250
3
11
12
15
0 1 1 
1 0 1 
1 1 0 
16
11
10
334 234
2
12
12
0 1 
1 0 
11
335 272
2
10
15
0 1 
1 0 
11
338 236
4
13
13
10
13
0 1 1 0 
1 0 1 1 
1 1 0 0 
0 1 0 0 
16
15
18
13
339 254
3
13
14
14
0 1 1 
1 0 1 
1 1 0 
20
14
18
346 206
3
14
12
15
0 1 1 
1 0 1 
1 1 0 
14
11
10
349 247
2
12
13
0 1 
1 0 
18
361 243
4
12
13
13
12
0 0 1 1 
0 0 1 0 
1 1 0 0 
1 0 0 0 
16
19
12
364 283
2
15
12
0 1 
1 0 
15
366 219
3
10
11
14
0 1 1 
1 0 1 
1 1 0 
15
18
14
371 284
4
10
10
13
14
0 0 1 1 
0 0 1 1 
1 1 0 0 
1 1 0 0 
15
12
15
20
372 217
4
12
10
14
12
0 0 1 1 
0 0 1 1 
1 1 0 0 
1 1 0 0 
16
19
17
20
377 288
4
14
15
13
13
0 1 1 0 
1 0 0 1 
1 0 0 0 
0 1 0 0 
10
14
13
378 282
3
15
13
12
0 1 1 
1 0 1 
1 1 0 
15
10
17
379 295
3
10
13
15
0 1 0 
1 0 1 
0 1 0 
19
16
380 210
3
11
10
12
0 1 1 
1 0 1 
1 1 0 
19
13
14
381 204
3
12
11
14
0 1 1 
1 0 1 
1 1 0 
16
12
13
385 222
2
15
13
0 1 
1 0 
19
387 280
4
10
11
11
15
0 1 1 1 
1 0 1 0 
1 1 0 1 
1 0 1 0 
10
17
16
11
15
391 240
3
15
14
10
0 1 1 
1 0 1 
1 1 0 
15
20
12
403 282
2
10
14
0 1 
1 0 
16
404 256
3
15
13
14
0 1 1 
1 0 1 
1 1 0 
15
18
12
415 276
2
15
11
0 1 
1 0 
12
418 200
3
11
11
12
0 1 1 
1 0 1 
1 1 0 
16
20
16
425 298
2
12
11
0 1 
1 0 
14
427 259
3
11
13
10
0 1 1 
1 0 0 
1 0 0 
13
18
436 222
3
14
13
10
0 0 1 
0 0 1 
1 1 0 
13
12
437 296
4
12
11
15
14
0 0 1 0 
0 0 1 1 
1 1 0 0 
0 1 0 0 
12
11
10
438 279
3
15
10
10
0 1 1 
1 0 1 
1 1 0 
17
19
10
439 225
3
12
13
14
0 1 1 
1 0 1 
1 1 0 
11
17
13
444 211
2
12
14
0 1 
1 0 
15
449 288
3
14
13
11
0 0 1 
0 0 1 
1 1 0 
15
15
458 239
3
15
10
15
0 1 1 
1 0 1 
1 1 0 
11
15
17
461 200
3
11
12
13
0 1 1 
1 0 1 
1 1 0 
10
13
17
462 298
3
14
13
13
0 1 1 
1 0 1 
1 1 0 
19
10
20
464 220
2
10
12
0 1 
1 0 
15
466 260
3
15
10
15
0 1 1 
1 0 1 
1 1 0 
13
20
19
469 271
2
14
14
0 1 
1 0 
20
483 290
4
14
10
12
10
0 1 0 1 
1 0 0 1 
0 0 0 1 
1 1 1 0 
12
20
14
14
484 248
2
11
12
0 1 
1 0 
15
486 208
4
11
11
11
15
0 1 1 0 
1 0 0 0 
1 0 0 1 
0 0 1 0 
20
12
16
498 295
3
13
11
13
0 1 1 
1 0 0 
1 0 0 
14
19
503 247
3
13
14
11
0 1 0 
1 0 1 
0 1 0 
19
17
515 226
2
10
15
0 1 
1 0 
17
517 294
4
14
12
12
14
0 0 1 0 
0 0 1 0 
1 1 0 1 
0 0 1 0 
20
11
16
518 218
2
12
11
0 1 
1 0 
11
526 221
4
15
12
13
11
0 0 0 1 
0 0 1 1 
0 1 0 1 
1 1 1 0 
14
20
18
14
527 243
4
11
15
14
13
0 1 1 1 
1 0 1 1 
1 1 0 1 
1 1 1 0 
12
10
16
17
12
17
537 272
2
11
14
0 1 
1 0 
12
539 208
4
13
13
13
14
0 0 1 1 
0 0 1 0 
1 1 0 0 
1 0 0 0 
15
19
19
541 294
4
15
14
14
13
0 1 1 0 
1 0 0 1 
1 0 0 0 
0 1 0 0 
16
13
19
549 224
4
12
15
14
11
0 1 0 1 
1 0 1 1 
0 1 0 0 
1 1 0 0 
15
15
18
16
551 227
2
11
10
0 1 
1 0 
20
561 215
4
13
12
12
13
0 1 1 0 
1 0 1 0 
1 1 0 1 
0 0 1 0 
20
12
16
15
562 285
3
11
15
10
0 1 1 
1 0 1 
1 1 0 
11
18
11
563 210
4
14
10
14
15
0 0 1 1 
0 0 1 1 
1 1 0 0 
1 1 0 0 
12
18
18
17
564 299
4
12
15
14
14
0 0 0 1 
0 0 0 1 
0 0 0 1 
1 1 1 0 
14
18
17
568 200
3
11
11
13
0 0 1 
0 0 1 
1 1 0 
19
10
569 275
2
11
13
0 1 
1 0 
15
571 213
3
11
12
10
0 1 1 
1 0 1 
1 1 0 
11
15
19
578 237
4
11
11
14
11
0 1 0 1 
1 0 1 1 
0 1 0 1 
1 1 1 0 
16
17
14
14
20
579 251
3
11
13
10
0 1 1 
1 0 1 
1 1 0 
16
13
12
589 215
3
12
13
10
0 1 1 
1 0 0 
1 0 0 
15
18
593 261
2
14
13
0 1 
1 0 
16
594 294
4
14
13
10
13
0 1 1 0 
1 0 1 1 
1 1 0 1 
0 1 1 0 
16
20
13
12
16
606 283
2
13
15
0 1 
1 0 
15
610 268
3
15
12
10
0 0 1 
0 0 1 
1 1 0 
19
18
615 233
2
10
11
0 1 
1 0 
11
622 260
2
11
15
0 1 
1 0 
10
623 285
2
11
10
0 1 
1 0 
10
624 207
4
11
11
11
15
0 1 1 0 
1 0 0 1 
1 0 0 1 
0 1 1 0 
13
13
15
20
629 212
4
10
11
11
14
0 1 0 1 
1 0 1 1 
0 1 0 1 
1 1 1 0 
13
17
14
15
12
639 272
3
14
12
10
0 1 1 
1 0 1 
1 1 0 
20
12
16
640 227
3
15
11
11
0 1 0 
1 0 1 
0 1 0 
14
11
642 235
2
12
12
0 1 
1 0 
11
644 289
4
10
10
11
10
0 1 1 0 
1 0 0 0 
1 0 0 1 
0 0 1 0 
17
11
18
645 209
2
14
13
0 1 
1 0 
20
648 281
2
10
11
0 1 
1 0 
18
653 261
3
10
14
11
0 1 1 
1 0 1 
1 1 0 
12
16
11
655 250
4
11
12
15
14
0 1 0 0 
1 0 0 1 
0 0 0 1 
0 1 1 0 
18
15
20
659 291
2
13
15
0 1 
1 0 
12
661 297
4
11
11
11
13
0 1 1 1 
1 0 1 0 
1 1 0 0 
1 0 0 0 
20
19
15
19
662 264
3
15
14
13
0 1 1 
1 0 1 
1 1 0 
15
14
18
663 289
4
14
11
13
12
0 1 0 0 
1 0 1 0 
0 1 0 1 
0 0 1 0 
19
18
20
664 248
3
10
13
15
0 0 1 
0 0 1 
1 1 0 
13
14
665 232
3
11
11
13
0 1 0 
1 0 1 
0 1 0 
17
14
669 237
4
13
13
11
13
0 1 1 1 
1 0 0 0 
1 0 0 1 
1 0 1 0 
18
13
13
13
677 202
2
11
14
0 1 
1 0 
14
678 260
4
12
14
12
11
0 1 1 0 
1 0 1 1 
1 1 0 1 
0 1 1 0 
10
13
16
20
15
679 244
2
12
13
0 1 
1 0 
10
680 252
4
13
10
15
10
0 0 0 1 
0 0 1 1 
0 1 0 0 
1 1 0 0 
19
18
16
681 285
2
14
11
0 1 
1 0 
14
682 204
2
14
11
0 1 
1 0 
20
688 286
2
12
12
0 1 
1 0 
14
691 211
2
14
11
0 1 
1 0 
10
708 202
2
15
15
0 1 
1 0 
20
713 246
4
12
11
15
15
0 1 0 1 
1 0 0 1 
0 0 0 1 
1 1 1 0 
19
18
18
11
714 206
3
10
11
10
0 1 0 
1 0 1 
0 1 0 
14
11
717 230
3
11
10
12
0 0 1 
0 0 1 
1 1 0 
13
19
731 292
4
11
11
10
12
0 1 1 0 
1 0 1 0 
1 1 0 1 
0 0 1 0 
13
11
14
10
734 219
4
13
11
14
15
0 0 0 1 
0 0 1 1 
0 1 0 0 
1 1 0 0 
18
11
11
735 294
4
10
14
13
10
0 0 1 0 
0 0 1 1 
1 1 0 1 
0 1 1 0 
15
16
13
15
750 220
2
13
12
0 1 
1 0 
17
751 268
4
12
15
13
11
0 0 0 1 
0 0 0 1 
0 0 0 1 
1 1 1 0 
17
12
19
760 213
4
14
13
15
11
0 1 0 1 
1 0 0 0 
0 0 0 1 
1 0 1 0 
16
10
14
763 274
4
10
10
13
14
0 0 1 1 
0 0 0 1 
1 0 0 1 
1 1 1 0 
15
12
18
18
764 226
2
11
12
0 1 
1 0 
20
765 240
4
13
13
13
13
0 0 0 1 
0 0 0 1 
0 0 0 1 
1 1 1 0 
20
10
10
766 249
3
13
10
11
0 1 1 
1 0 0 
1 0 0 
18
11
783 258
3
10
10
10
0 1 1 
1 0 1 
1 1 0 
13
10
10
786 266
3
11
10
10
0 1 0 
1 0 1 
0 1 0 
12
18
788 299
3
10
15
10
0 1 0 
1 0 1 
0 1 0 
14
10
789 256
3
13
14
15
0 0 1 
0 0 1 
1 1 0 
15
17
799 287
4
10
14
11
10
0 1 1 1 
1 0 1 1 
1 1 0 1 
1 1 1 0 
12
10
19
13
16
13
806 225
3
14
14
11
0 0 1 
0 0 1 
1 1 0 
10
11
807 203
2
10
13
0 1 
1 0 
12
810 249
4
12
12
11
14
0 1 1 0 
1 0 0 0 
1 0 0 1 
0 0 1 0 
12
10
13
812 210
2
11
11
0 1 
1 0 
20
815 274
2
10
11
0 1 
1 0 
18
820 276
4
10
12
11
12
0 0 1 0 
0 0 0 1 
1 0 0 1 
0 1 1 0 
16
11
14
822 211
4
12
12
13
12
0 0 0 1 
0 0 1 0 
0 1 0 1 
1 0 1 0 
15
16
19
825 240
2
11
13
0 1 
1 0 
11
826 263
4
13
12
13
15
0 1 0 1 
1 0 1 1 
0 1 0 0 
1 1 0 0 
11
19
13
14
835 208
2
14
15
0 1 
1 0 
14
836 255
4
14
12
15
14
0 1 0 0 
1 0 1 1 
0 1 0 0 
0 1 0 0 
19
12
16
838 265
2
14
13
0 1 
1 0 
14
849 260
4
12
11
14
11
0 1 0 1 
1 0 0 1 
0 0 0 1 
1 1 1 0 
13
20
20
10
851 271
2
12
14
0 1 
1 0 
20
854 200
3
10
14
15
0 1 0 
1 0 1 
0 1 0 
15
17
858 237
3
13
13
12
0 1 0 
1 0 1 
0 1 0 
10
13
861 277
4
11
13
13
12
0 1 1 1 
1 0 0 1 
1 0 0 0 
1 1 0 0 
15
16
10
13
869 223
3
11
10
11
0 1 1 
1 0 1 
1 1 0 
19
12
16
875 236
2
12
13
0 1 
1 0 
11
876 220
3
15
11
15
0 1 1 
1 0 1 
1 1 0 
13
13
14
887 288
3
13
10
12
0 1 0 
1 0 1 
0 1 0 
10
18
890 261
3
15
13
11
0 1 1 
1 0 1 
1 1 0 
18
17
19
891 207
3
12
12
13
0 1 1 
1 0 1 
1 1 0 
20
10
17
898 226
4
15
15
14
10
0 1 0 0 
1 0 1 0 
0 1 0 1 
0 0 1 0 
18
19
10
900 260
4
10
11
10
12
0 1 1 0 
1 0 1 1 
1 1 0 1 
0 1 1 0 
15
12
17
17
12
910 275
2
12
10
0 1 
1 0 
20
915 227
2
13
12
0 1 
1 0 
14
920 212
4
15
14
10
11
0 1 1 1 
1 0 1 1 
1 1 0 1 
1 1 1 0 
19
16
16
18
12
10
924 231
2
15
15
0 1 
1 0 
20
928 273
4
11
14
15
15
0 1 0 0 
1 0 1 1 
0 1 0 1 
0 1 1 0 
13
19
11
13
929 297
4
13
11
15
11
0 0 0 1 
0 0 0 1 
0 0 0 1 
1 1 1 0 
18
14
14
937 267
2
11
10
0 1 
1 0 
20
948 229
4
14
10
14
15
0 0 1 0 
0 0 1 1 
1 1 0 0 
0 1 0 0 
11
18
12
949 295
4
15
11
10
14
0 1 1 0 
1 0 1 1 
1 1 0 0 
0 1 0 0 
19
11
18
10
950 246
4
15
12
11
12
0 1 1 1 
1 0 0 0 
1 0 0 0 
1 0 0 0 
13
15
16
951 239
3
11
13
11
0 1 0 
1 0 1 
0 1 0 
16
14
952 232
4
11
14
11
11
0 1 1 1 
1 0 1 1 
1 1 0 1 
1 1 1 0 
12
20
17
19
12
15
956 263
4
12
14
14
14
0 1 1 1 
1 0 0 1 
1 0 0 0 
1 1 0 0 
15
15
19
20
959 265
2
15
14
0 1 
1 0 
12
960 269
2
13
11
0 1 
1 0 
17
962 204
3
13
10
13
0 1 1 
1 0 1 
1 1 0 
17
12
11
964 229
2
14
12
0 1 
1 0 
16
966 268
4
10
13
15
14
0 0 1 1 
0 0 1 0 
1 1 0 1 
1 0 1 0 
15
12
20
15
971 296
3
13
14
10
0 1 1 
1 0 0 
1 0 0 
18
14
973 229
2
11
11
0 1 
1 0 
14
988 289
3
11
12
15
0 0 1 
0 0 1 
1 1 0 
11
18