5 255
3
11
10
11
0 0 1 
0 0 1 
1 1 0 
14
13
10 249
4
10
15
14
15
0 0 0 1 
0 0 1 1 
0 1 0 0 
1 1 0 0 
10
19
10
13 223
3
13
11
12
0 1 1 
1 0 1 
1 1 0 
17
16
15
14 288
3
15
10
10
0 1 1 
1 0 0 
1 0 0 
18
12
16 240
4
14
14
11
11
0 1 1 1 
1 0 1 1 
1 1 0 0 
1 1 0 0 
16
11
16
14
15
18 282
2
11
12
0 1 
1 0 
16
19 248
3
11
15
14
0 1 1 
1 0 1 
1 1 0 
18
19
16
24 299
3
15
15
12
0 0 1 
0 0 1 
1 1 0 
10
14
25 246
4
14
12
10
11
0 1 1 1 
1 0 0 1 
1 0 0 0 
1 1 0 0 
13
13
12
12
29 258
4
14
15
13
10
0 0 1 0 
0 0 0 1 
1 0 0 1 
0 1 1 0 
18
13
10
39 254
2
10
13
0 1 
1 0 
18
44 239
4
13
13
11
13
0 1 0 1 
1 0 1 0 
0 1 0 1 
1 0 1 0 
12
10
16
14
45 253
3
10
14
14
0 1 0 
1 0 1 
0 1 0 
14
19
46 245
4
15
12
12
15
0 0 1 0 
0 0 1 0 
1 1 0 1 
0 0 1 0 
20
18
13
51 228
4
15
14
12
15
0 0 0 1 
0 0 1 0 
0 1 0 1 
1 0 1 0 
16
20
15
55 202
2
11
12
0 1 
1 0 
17
58 267
2
10
15
0 1 
1 0 
18
60 220
2
13
11
0 1 
1 0 
10
64 280
4
12
10
10
14
0 0 0 1 
0 0 1 0 
0 1 0 1 
1 0 1 0 
13
16
11
68 206
3
15
10
15
0 1 1 
1 0 1 
1 1 0 
12
19
14
77 297
4
13
10
11
14
0 1 1 1 
1 0 1 1 
1 1 0 0 
1 1 0 0 
10
11
17
11
20
82 210
4
12
15
14
12
0 0 1 0 
0 0 1 1 
1 1 0 1 
0 1 1 0 
16
10
11
11
87 279
3
15
12
12
0 1 1 
1 0 0 
1 0 0 
15
10
89 226
2
10
13
0 1 
1 0 
11
90 289
2
12
12
0 1 
1 0 
16
94 297
3
15
15
15
0 1 0 
1 0 1 
0 1 0 
12
12
97 263
3
14
13
10
0 1 1 
1 0 1 
1 1 0 
18
14
14
99 268
4
13
14
14
15
0 0 1 0 
0 0 0 1 
1 0 0 1 
0 1 1 0 
17
11
18
111 257
3
14
14
13
0 1 0 
1 0 1 
0 1 0 
19
16
119 296
2
12
15
0 1 
1 0 
10
121 234
3
15
12
12
0 0 1 
0 0 1 
1 1 0 
14
13
123 225
4
11
12
12
11
0 0 1 1 
0 0 1 0 
1 1 0 1 
1 0 1 0 
12
18
17
19
130 252
2
13
10
0 1 
1 0 
18
133 291
4
11
11
13
15
0 0 1 1 
0 0 1 1 
1 1 0 0 
1 1 0 0 
20
12
15
16
141 254
2
12
14
0 1 
1 0 
11
144 282
3
13
14
14
0 1 1 
1 0 1 
1 1 0 
13
20
13
158 247
4
11
15
10
13
0 1 0 0 
1 0 0 1 
0 0 0 1 
0 1 1 0 
10
15
20
159 249
4
12
12
11
14
0 1 0 1 
1 0 1 1 
0 1 0 1 
1 1 1 0 
11
12
12
16
20
160 246
4
11
12
10
10
0 1 1 0 
1 0 0 1 
1 0 0 0 
0 1 0 0 
18
20
11
164 203
3
15
13
15
0 1 1 
1 0 0 
1 0 0 
17
19
166 203
4
15
10
13
15
0 1 0 0 
1 0 1 0 
0 1 0 1 
0 0 1 0 
11
13
18
169 214
2
14
10
0 1 
1 0 
16
171 284
2
12
11
0 1 
1 0 
15
173 236
3
12
10
14
0 1 1 
1 0 0 
1 0 0 
18
16
174 281
2
15
13
0 1 
1 0 
11
178 259
3
14
13
10
0 1 1 
1 0 1 
1 1 0 
18
18
20
180 207
2
11
13
0 1 
1 0 
13
189 222
4
10
11
12
14
0 1 0 0 
1 0 1 1 
0 1 0 0 
0 1 0 0 
16
17
15
190 213
2
13
10
0 1 
1 0 
19
192 285
4
12
14
10
11
0 0 1 1 
0 0 1 0 
1 1 0 1 
1 0 1 0 
17
20
19
13
199 215
4
10
15
12
11
0 1 0 0 
1 0 1 1 
0 1 0 1 
0 1 1 0 
12
19
15
20
200 285
3
13
14
14
0 1 0 
1 0 1 
0 1 0 
10
10
201 289
3
12
15
14
0 1 1 
1 0 1 
1 1 0 
14
16
11
209 231
2
15
14
0 1 
1 0 
10
214 261
3
15
12
11
0 1 0 
1 0 1 
0 1 0 
14
14
215 228
2
13
10
0 1 
1 0 
11
234 224
4
10
14
14
11
0 0 1 1 
0 0 1 1 
1 1 0 1 
1 1 1 0 
13
12
20
11
16
235 284
4
12
11
15
11
0 1 1 0 
1 0 0 1 
1 0 0 1 
0 1 1 0 
17
18
20
11
236 250
2
12
11
0 1 
1 0 
15
237 277
4
13
14
14
10
0 1 1 1 
1 0 1 0 
1 1 0 0 
1 0 0 0 
16
16
20
16
238 252
2
15
12
0 1 
1 0 
10
240 242
2
14
11
0 1 
1 0 
20
241 244
4
13
15
15
12
0 0 1 0 
0 0 1 1 
1 1 0 0 
0 1 0 0 
10
12
20
245 275
4
15
10
14
11
0 1 1 1 
1 0 0 0 
1 0 0 0 
1 0 0 0 
20
13
14
249 282
2
10
12
0 1 
1 0 
20
251 231
2
14
11
0 1 
1 0 
16
253 253
4
14
14
10
13
0 1 0 0 
1 0 1 1 
0 1 0 0 
0 1 0 0 
19
15
11
258 290
4
12
14
13
13
0 1 0 1 
1 0 1 1 
0 1 0 0 
1 1 0 0 
13
18
11
19
259 254
3
13
13
11
0 0 1 
0 0 1 
1 1 0 
18
16
261 229
4
14
15
15
11
0 1 1 0 
1 0 1 1 
1 1 0 1 
0 1 1 0 
19
15
13
19
19
263 229
2
10
11
0 1 
1 0 
13
267 295
2
15
10
0 1 
1 0 
10
269 290
3
15
12
13
0 1 1 
1 0 1 
1 1 0 
14
11
11
272 262
2
15
14
0 1 
1 0 
15
278 201
2
12
15
0 1 
1 0 
10
283 249
2
10
15
0 1 
1 0 
16
286 295
2
15
14
0 1 
1 0 
15
294 299
3
14
12
13
0 1 1 
1 0 1 
1 1 0 
14
17
20
299 268
4
14
11
12
14
0 1 1 0 
1 0 1 1 
1 1 0 0 
0 1 0 0 
11
12
19
10
302 276
3
13
11
13
0 1 1 
1 0 1 
1 1 0 
10
14
14
310 210
4
13
13
10
15
0 1 0 1 
1 0 0 0 
0 0 0 1 
1 0 1 0 
17
17
15
315 208
4
14
15
11
10
0 1 1 0 
1 0 0 1 
1 0 0 0 
0 1 0 0 
15
13
20
318 265
4
14
13
12
10
0 0 1 0 
0 0 0 1 
1 0 0 1 
0 1 1 0 
16
15
17
325 223
4
10
12
12
13
0 1 0 0 
1 0 1 0 
0 1 0 1 
0 0 1 0 
18
12
19
327 282
3
11
13
12
0 1 1 
1 0 0 
1 0 0 
14
15
329 227
2
14
13
0 1 
1 0 
19
332 276
4
15
15
11
14
0 0 1 1 
0 0 1 1 
1 1 0 0 
1 1 0 0 
11
13
15
15
336 243
2
10
12
0 1 
1 0 
14
337 205
2
15
13
0 1 
1 0 
16
338 269
3
10
14
11
0 1 1 
1 0 1 
1 1 0 
10
14
10
339 243
2
15
11
0 1 
1 0 
20
341 201
4
12
13
10
13
0 0 1 1 
0 0 0 1 
1 0 0 0 
1 1 0 0 
13
11
11
344 232
4
11
12
10
13
0 1 0 1 
1 0 0 0 
0 0 0 1 
1 0 1 0 
14
17
12
351 275
2
14
11
0 1 
1 0 
14
354 244
2
14
13
0 1 
1 0 
10
359 296
2
14
14
0 1 
1 0 
10
361 203
2
14
14
0 1 
1 0 
13
367 255
3
11
12
13
0 1 1 
1 0 0 
1 0 0 
12
18
369 257
2
12
12
0 1 
1 0 
19
378 220
4
13
11
15
15
0 1 1 1 
1 0 0 1 
1 0 0 0 
1 1 0 0 
12
17
16
17
380 218
2
12
10
0 1 
1 0 
12
384 273
4
15
12
13
14
0 1 1 0 
1 0 1 1 
1 1 0 1 
0 1 1 0 
19
18
18
15
19
388 263
4
12
11
10
12
0 1 1 0 
1 0 1 1 
1 1 0 0 
0 1 0 0 
10
10
13
19
391 216
4
10
15
15
13
0 1 0 0 
1 0 0 1 
0 0 0 1 
0 1 1 0 
18
20
14
398 272
2
14
15
0 1 
1 0 
18
400 292
2
13
14
0 1 
1 0 
10
404 210
2
10
11
0 1 
1 0 
19
407 200
3
12
12
13
0 1 1 
1 0 1 
1 1 0 
12
16
17
418 287
3
14
12
13
0 1 0 
1 0 1 
0 1 0 
12
20
420 290
2
10
14
0 1 
1 0 
13
425 206
4
13
15
10
14
0 1 0 1 
1 0 0 0 
0 0 0 1 
1 0 1 0 
20
10
16
426 287
3
12
13
14
0 1 1 
1 0 1 
1 1 0 
12
14
14
428 267
2
11
14
0 1 
1 0 
11
432 253
4
11
15
10
14
0 1 1 1 
1 0 1 1 
1 1 0 1 
1 1 1 0 
12
10
14
12
20
17
435 259
2
12
14
0 1 
1 0 
18
437 200
3
15
12
15
0 1 1 
1 0 1 
1 1 0 
17
17
18
440 297
4
14
14
14
14
0 1 1 1 
1 0 0 0 
1 0 0 1 
1 0 1 0 
16
20
18
14
444 299
4
10
11
12
13
0 0 1 1 
0 0 1 1 
1 1 0 0 
1 1 0 0 
15
19
12
18
447 260
4
10
15
10
12
0 0 0 1 
0 0 0 1 
0 0 0 1 
1 1 1 0 
14
15
19
454 276
3
10
14
10
0 1 1 
1 0 1 
1 1 0 
13
13
17
458 249
3
14
10
14
0 1 1 
1 0 1 
1 1 0 
11
18
16
459 279
2
10
15
0 1 
1 0 
13
461 220
2
11
10
0 1 
1 0 
20
462 281
4
11
12
15
12
0 0 0 1 
0 0 1 1 
0 1 0 1 
1 1 1 0 
14
19
17
13
466 259
4
12
15
13
13
0 0 1 0 
0 0 0 1 
1 0 0 1 
0 1 1 0 
18
20
19
470 251
2
13
14
0 1 
1 0 
17
481 281
3
12
10
10
0 1 0 
1 0 1 
0 1 0 
20
17
482 212
3
13
11
10
0 1 1 
1 0 1 
1 1 0 
13
10
15
483 295
4
14
14
14
13
0 0 1 0 
0 0 1 1 
1 1 0 1 
0 1 1 0 
11
10
17
10
489 248
4
13
11
14
13
0 1 1 1 
1 0 1 1 
1 1 0 0 
1 1 0 0 
19
15
19
16
15
491 230
2
14
10
0 1 
1 0 
20
501 200
2
14
11
0 1 
1 0 
20
512 294
2
11
10
0 1 
1 0 
18
513 284
3
12
12
12
0 1 1 
1 0 0 
1 0 0 
12
12
514 295
4
10
11
11
15
0 1 1 0 
1 0 1 1 
1 1 0 1 
0 1 1 0 
14
13
20
17
11
515 292
2
14
13
0 1 
1 0 
11
520 255
4
14
14
12
14
0 1 0 1 
1 0 1 1 
0 1 0 0 
1 1 0 0 
12
11
12
16
530 238
3
15
14
14
0 1 0 
1 0 1 
0 1 0 
13
20
532 292
2
12
15
0 1 
1 0 
19
533 299
4
15
13
15
12
0 0 1 0 
0 0 1 0 
1 1 0 1 
0 0 1 0 
18
18
14
536 292
4
12
13
15
12
0 1 1 0 
1 0 0 0 
1 0 0 1 
0 0 1 0 
18
19
18
537 251
2
11
13
0 1 
1 0 
15
542 280
3
12
14
10
0 1 1 
1 0 1 
1 1 0 
19
19
18
544 203
4
14
14
10
11
0 1 1 1 
1 0 1 1 
1 1 0 0 
1 1 0 0 
17
15
14
10
15
552 266
4
11
15
13
12
0 0 1 0 
0 0 1 1 
1 1 0 0 
0 1 0 0 
11
12
17
558 290
4
11
15
14
14
0 1 1 0 
1 0 0 1 
1 0 0 1 
0 1 1 0 
15
18
12
19
561 260
2
10
10
0 1 
1 0 
14
577 260
2
11
12
0 1 
1 0 
18
582 201
2
12
11
0 1 
1 0 
14
586 237
2
14
11
0 1 
1 0 
17
592 284
3
10
10
11
0 1 0 
1 0 1 
0 1 0 
20
16
593 204
4
15
15
10
14
0 1 1 0 
1 0 1 1 
1 1 0 0 
0 1 0 0 
15
13
16
11
599 283
4
15
13
10
11
0 1 1 0 
1 0 0 0 
1 0 0 1 
0 0 1 0 
17
12
20
602 246
4
15
10
12
14
0 1 0 0 
1 0 1 1 
0 1 0 1 
0 1 1 0 
11
17
17
20
604 271
2
10
12
0 1 
1 0 
17
607 275
2
10
10
0 1 
1 0 
16
616 275
4
15
11
14
11
0 0 1 0 
0 0 1 0 
1 1 0 1 
0 0 1 0 
10
13
12
617 280
2
15
13
0 1 
1 0 
13
618 232
4
14
11
12
14
0 1 1 0 
1 0 1 1 
1 1 0 1 
0 1 1 0 
14
10
13
17
15
620 235
3
14
11
10
0 1 1 
1 0 1 
1 1 0 
20
15
17
628 271
4
14
13
11
15
0 1 0 0 
1 0 0 1 
0 0 0 1 
0 1 1 0 
14
12
20
631 249
2
12
12
0 1 
1 0 
15
634 205
4
13
10
10
11
0 1 0 0 
1 0 0 1 
0 0 0 1 
0 1 1 0 
17
12
15
638 289
3
14
10
10
0 1 1 
1 0 1 
1 1 0 
14
10
10
640 299
3
13
10
10
0 1 1 
1 0 0 
1 0 0 
10
13
643 203
3
13
13
13
0 1 0 
1 0 1 
0 1 0 
20
18
654 202
4
14
14
11
11
0 0 1 1 
0 0 0 1 
1 0 0 1 
1 1 1 0 
17
11
19
12
655 288
3
12
11
10
0 1 0 
1 0 1 
0 1 0 
17
12
656 257
4
13
13
12
12
0 1 1 1 
1 0 1 0 
1 1 0 0 
1 0 0 0 
18
20
16
13
664 280
3
12
10
10
0 1 1 
1 0 1 
1 1 0 
19
10
17
666 214
2
11
15
0 1 
1 0 
13
669 225
3
14
11
10
0 0 1 
0 0 1 
1 1 0 
12
13
672 298
4
11
13
13
13
0 1 1 1 
1 0 0 0 
1 0 0 1 
1 0 1 0 
10
12
16
10
673 238
4
12
14
15
15
0 1 1 1 
1 0 1 1 
1 1 0 1 
1 1 1 0 
14
10
17
15
14
20
680 236
4
12
10
15
15
0 0 1 0 
0 0 1 1 
1 1 0 0 
0 1 0 0 
15
18
15
688 248
4
15
15
10
12
0 1 0 1 
1 0 0 0 
0 0 0 1 
1 0 1 0 
20
18
11
700 286
2
14
11
0 1 
1 0 
12
709 238
3
14
11
15
0 1 1 
1 0 1 
1 1 0 
12
10
14
712 288
2
12
12
0 1 
1 0 
14
714 244
3
10
13
13
0 1 1 
1 0 1 
1 1 0 
10
11
18
715 201
4
13
11
11
11
0 0 1 1 
0 0 1 0 
1 1 0 1 
1 0 1 0 
12
14
20
13
725 270
3
15
13
14
0 1 1 
1 0 1 
1 1 0 
19
15
10
732 242
3
15
13
15
0 0 1 
0 0 1 
1 1 0 
11
15
740 217
3
13
12
11
0 1 1 
1 0 1 
1 1 0 
20
20
19
743 228
2
13
11
0 1 
1 0 
11
748 234
3
11
10
15
0 1 1 
1 0 1 
1 1 0 
10
12
15
749 285
4
13
11
10
12
0 0 0 1 
0 0 1 1 
0 1 0 1 
1 1 1 0 
15
10
16
15
752 298
4
11
15
15
10
0 1 0 1 
1 0 1 0 
0 1 0 1 
1 0 1 0 
16
12
15
17
760 228
2
11
14
0 1 
1 0 
18
763 296
4
11
10
11
14
0 1 0 1 
1 0 1 1 
0 1 0 0 
1 1 0 0 
16
13
16
12
764 255
4
12
13
15
13
0 1 0 1 
1 0 1 1 
0 1 0 0 
1 1 0 0 
13
16
17
20
766 206
3
12
14
15
0 1 1 
1 0 1 
1 1 0 
15
14
12
768 219
3
10
15
11
0 1 1 
1 0 1 
1 1 0 
13
16
12
769 236
2
15
11
0 1 
1 0 
11
775 223
4
14
10
11
13
0 1 0 1 
1 0 1 0 
0 1 0 0 
1 0 0 0 
13
18
14
780 223
2
13
10
0 1 
1 0 
14
781 290
2
15
13
0 1 
1 0 
18
790 292
3
14
12
10
0 0 1 
0 0 1 
1 1 0 
20
13
797 284
4
11
11
14
15
0 0 1 0 
0 0 1 0 
1 1 0 1 
0 0 1 0 
14
10
14
799 299
2
15
13
0 1 
1 0 
12
804 273
2
10
14
0 1 
1 0 
12
809 212
3
12
13
13
0 1 1 
1 0 0 
1 0 0 
13
12
811 256
2
15
11
0 1 
1 0 
18
813 220
3
12
14
14
0 1 1 
1 0 0 
1 0 0 
18
17
814 263
2
11
14
0 1 
1 0 
18
831 257
3
15
11
14
0 1 1 
1 0 1 
1 1 0 
18
16
19
832 228
3
11
10
11
0 0 1 
0 0 1 
1 1 0 
15
14
840 263
2
15
14
0 1 
1 0 
13
843 280
4
14
13
13
15
0 0 0 1 
0 0 1 1 
0 1 0 1 
1 1 1 0 
14
12
15
11
846 295
2
13
13
0 1 
1 0 
17
851 235
3
14
12
12
0 1 0 
1 0 1 
0 1 0 
18
20
852 291
2
13
15
0 1 
1 0 
18
861 299
3
10
15
11
0 1 0 
1 0 1 
0 1 0 
19
20
862 294
2
11
10
0 1 
1 0 
10
863 263
2
12
13
0 1 
1 0 
19
868 232
3
14
14
10
0 1 0 
1 0 1 
0 1 0 
13
13
870 207
4
15
15
15
15
0 1 0 1 
1 0 0 0 
0 0 0 1 
1 0 1 0 
17
19
20
874 260
2
14
15
0 1 
1 0 
16
883 294
2
12
10
0 1 
1 0 
13
886 288
2
14
12
0 1 
1 0 
20
888 253
2
15
11
0 1 
1 0 
17
890 221
3
11
10
14
0 1 1 
1 0 1 
1 1 0 
10
11
20
898 209
3
15
13
15
0 0 1 
0 0 1 
1 1 0 
19
12
899 255
2
12
13
0 1 
1 0 
14
900 201
2
14
15
0 1 
1 0 
10
901 254
2
11
14
0 1 
1 0 
11
902 274
4
15
11
13
13
0 1 1 1 
1 0 1 0 
1 1 0 1 
1 0 1 0 
12
16
16
14
14
908 211
3
10
12
13
0 1 0 
1 0 1 
0 1 0 
17
18
910 200
3
14
10
11
0 1 0 
1 0 1 
0 1 0 
18
10
914 212
4
12
14
14
10
0 1 1 1 
1 0 1 1 
1 1 0 0 
1 1 0 0 
16
17
13
19
19
915 292
4
12
14
11
12
0 1 0 0 
1 0 0 1 
0 0 0 1 
0 1 1 0 
11
13
20
916 260
4
15
14
12
12
0 0 0 1 
0 0 1 1 
0 1 0 1 
1 1 1 0 
15
12
18
16
919 241
4
14
13
14
15
0 1 0 1 
1 0 1 1 
0 1 0 1 
1 1 1 0 
20
15
10
17
14
920 273
4
14
15
11
15
0 1 0 1 
1 0 1 0 
0 1 0 1 
1 0 1 0 
20
15
17
18
925 214
3
15
10
11
0 1 1 
1 0 0 
1 0 0 
17
20
926 235
4
11
14
14
13
0 1 0 1 
1 0 1 0 
0 1 0 1 
1 0 1 0 
20
19
15
13
927 220
4
11
10
12
12
0 0 1 1 
0 0 1 0 
1 1 0 1 
1 0 1 0 
13
10
15
13
929 287
3
13
12
14
0 0 1 
0 0 1 
1 1 0 
17
17
939 248
2
10
14
0 1 
1 0 
14
944 234
4
11
13
14
15
0 1 1 1 
1 0 1 0 
1 1 0 1 
1 0 1 0 
12
10
12
19
15
950 225
3
14
10
14
0 1 1 
1 0 0 
1 0 0 
11
15
954 244
2
10
15
0 1 
1 0 
14
957 244
4
13
10
15
15
0 1 1 1 
1 0 1 0 
1 1 0 0 
1 0 0 0 
13
13
17
19
960 255
2
14
13
0 1 
1 0 
11
962 274
3
12
15
14
0 1 0 
1 0 1 
0 1 0 
10
19
966 240
3
15
13
13
0 1 1 
1 0 1 
1 1 0 
18
15
20
969 249
2
12
14
0 1 
1 0 
16
979 210
4
14
12
10
15
0 1 0 1 
1 0 0 0 
0 0 0 1 
1 0 1 0 
10
15
11
982 209
4
14
10
10
15
0 0 1 1 
0 0 1 0 
1 1 0 0 
1 0 0 0 
20
15
18
983 227
4
10
15
14
15
0 1 0 1 
1 0 1 0 
0 1 0 1 
1 0 1 0 
20
15
11
16
986 272
2
15
14
0 1 
1 0 
20
988 249
4
10
11
13
13
0 1 1 1 
1 0 1 1 
1 1 0 0 
1 1 0 0 
15
18
19
19
15
995 261
2
14
14
0 1 
1 0 
17
996 287
3
15
15
10
0 1 1 
1 0 1 
1 1 0 
13
19
18
998 218
2
14
14
0 1 
1 0 
14