104 10000
4
12
15
10
13
0 1 0 0 
1 0 1 0 
0 1 0 1 
0 0 1 0 
11
14
20
108 10000
3
14
12
12
0 0 1 
0 0 1 
1 1 0 
19
19
112 10000
3
12
12
13
0 1 1 
1 0 1 
1 1 0 
14
20
20
113 10000
2
10
11
0 1 
1 0 
14
142 10000
3
10
15
12
0 1 1 
1 0 1 
1 1 0 
20
19
14
153 10000
2
12
14
0 1 
1 0 
20
157 10000
2
10
12
0 1 
1 0 
13
164 10000
2
14
14
0 1 
1 0 
20
187 10000
4
14
12
10
10
0 1 1 0 
1 0 1 0 
1 1 0 1 
0 0 1 0 
14
13
18
18
195 10000
3
13
10
11
0 0 1 
0 0 1 
1 1 0 
10
11
214 10000
3
13
15
12
0 1 0 
1 0 1 
0 1 0 
14
15
223 10000
3
13
10
12
0 1 0 
1 0 1 
0 1 0 
18
13
236 10000
3
10
14
14
0 0 1 
0 0 1 
1 1 0 
20
14
238 10000
4
15
12
14
15
0 1 1 1 
1 0 0 0 
1 0 0 1 
1 0 1 0 
13
12
13
13
251 10000
2
14
14
0 1 
1 0 
11
256 10000
3
14
10
12
0 1 1 
1 0 0 
1 0 0 
20
16
258 10000
2
10
10
0 1 
1 0 
19
308 10000
3
10
13
12
0 0 1 
0 0 1 
1 1 0 
17
18
326 10000
3
15
10
10
0 1 0 
1 0 1 
0 1 0 
15
19
361 10000
2
12
11
0 1 
1 0 
12
368 10000
3
12
10
14
0 0 1 
0 0 1 
1 1 0 
11
12
402 10000
2
15
10
0 1 
1 0 
20
417 10000
2
11
11
0 1 
1 0 
10
474 10000
4
15
13
12
14
0 0 1 0 
0 0 1 1 
1 1 0 1 
0 1 1 0 
14
14
10
17
490 10000
2
10
12
0 1 
1 0 
19
500 10000
4
14
15
15
14
0 0 1 1 
0 0 0 1 
1 0 0 1 
1 1 1 0 
16
15
11
16
503 10000
4
12
11
15
15
0 1 0 1 
1 0 1 0 
0 1 0 1 
1 0 1 0 
16
12
10
19
568 10000
4
12
12
14
13
0 1 1 1 
1 0 0 1 
1 0 0 1 
1 1 1 0 
10
12
20
14
13
643 10000
3
13
10
15
0 1 1 
1 0 0 
1 0 0 
10
13
670 10000
3
12
13
10
0 1 1 
1 0 0 
1 0 0 
16
14
673 10000
4
11
11
15
14
0 1 0 1 
1 0 1 1 
0 1 0 1 
1 1 1 0 
11
11
13
11
19
680 10000
4
10
12
11
10
0 0 1 1 
0 0 0 1 
1 0 0 0 
1 1 0 0 
19
11
20
683 10000
4
12
10
11
12
0 0 0 1 
0 0 1 1 
0 1 0 0 
1 1 0 0 
17
15
17
690 10000
2
11
11
0 1 
1 0 
15
794 10000
2
13
12
0 1 
1 0 
17
802 10000
4
14
10
15
10
0 1 1 1 
1 0 1 0 
1 1 0 1 
1 0 1 0 
10
19
19
12
12
806 10000
4
15
13
11
12
0 1 1 0 
1 0 0 1 
1 0 0 1 
0 1 1 0 
15
18
18
12
810 10000
3
11
12
15
0 1 0 
1 0 1 
0 1 0 
18
19
901 10000
3
12
13
14
0 1 0 
1 0 1 
0 1 0 
17
14
913 10000
4
10
10
11
12
0 1 1 0 
1 0 0 1 
1 0 0 0 
0 1 0 0 
18
13
15
914 10000
4
12
13
14
11
0 0 1 1 
0 0 1 0 
1 1 0 0 
1 0 0 0 
14
14
11
920 10000
2
14
13
0 1 
1 0 
11
951 10000
2
15
13
0 1 
1 0 
17