7 10000
3
10
10
11
0 1 1 
1 0 1 
1 1 0 
18
19
19
26 10000
3
10
13
11
0 1 0 
1 0 1 
0 1 0 
11
20
32 10000
3
14
12
13
0 1 0 
1 0 1 
0 1 0 
20
14
43 10000
3
14
11
12
0 1 1 
1 0 0 
1 0 0 
17
10
69 10000
4
14
10
11
10
0 1 1 1 
1 0 0 1 
1 0 0 0 
1 1 0 0 
11
16
12
15
93 10000
3
12
14
10
0 1 0 
1 0 1 
0 1 0 
15
10
123 10000
3
10
14
15
0 1 1 
1 0 1 
1 1 0 
19
19
17
189 10000
2
11
14
0 1 
1 0 
18
192 10000
2
12
11
0 1 
1 0 
18
225 10000
2
11
11
0 1 
1 0 
11
265 10000
2
10
12
0 1 
1 0 
15
296 10000
4
11
10
12
15
0 1 1 0 
1 0 0 1 
1 0 0 1 
0 1 1 0 
19
12
16
16
304 10000
4
12
11
11
10
0 1 0 1 
1 0 0 0 
0 0 0 1 
1 0 1 0 
11
20
16
311 10000
4
15
10
11
10
0 0 0 1 
0 0 1 1 
0 1 0 1 
1 1 1 0 
13
15
14
13
326 10000
4
15
12
13
11
0 1 0 1 
1 0 0 0 
0 0 0 1 
1 0 1 0 
20
16
10
330 10000
3
12
12
15
0 0 1 
0 0 1 
1 1 0 
11
11
418 10000
4
13
12
13
10
0 1 1 0 
1 0 0 1 
1 0 0 1 
0 1 1 0 
11
12
10
17
441 10000
2
15
10
0 1 
1 0 
11
443 10000
4
14
12
10
14
0 1 1 1 
1 0 1 1 
1 1 0 1 
1 1 1 0 
13
20
11
17
20
15
460 10000
3
13
11
12
0 1 0 
1 0 1 
0 1 0 
19
13
481 10000
4
14
15
11
12
0 0 1 1 
0 0 1 0 
1 1 0 1 
1 0 1 0 
16
16
14
19
529 10000
2
10
14
0 1 
1 0 
20
570 10000
2
14
15
0 1 
1 0 
10
590 10000
3
14
11
14
0 1 0 
1 0 1 
0 1 0 
11
20
650 10000
3
12
12
13
0 1 1 
1 0 1 
1 1 0 
12
11
16
663 10000
4
15
12
14
11
0 0 1 0 
0 0 0 1 
1 0 0 1 
0 1 1 0 
18
11
19
679 10000
4
11
15
15
11
0 1 0 0 
1 0 1 0 
0 1 0 1 
0 0 1 0 
12
15
15
695 10000
3
12
12
11
0 1 0 
1 0 1 
0 1 0 
12
14
728 10000
2
10
12
0 1 
1 0 
12
777 10000
3
11
10
13
0 1 1 
1 0 1 
1 1 0 
11
12
13
828 10000
3
14
15
11
0 1 1 
1 0 1 
1 1 0 
12
11
17
832 10000
2
14
12
0 1 
1 0 
17
861 10000
2
15
15
0 1 
1 0 
13
880 10000
3
14
15
10
0 1 1 
1 0 1 
1 1 0 
19
15
17
907 10000
2
14
15
0 1 
1 0 
15
950 10000
4
15
15
12
12
0 0 1 0 
0 0 1 1 
1 1 0 1 
0 1 1 0 
10
15
13
14
963 10000
2
10
14
0 1 
1 0 
18
969 10000
3
13
10
13
0 1 1 
1 0 0 
1 0 0 
17
10
999 10000
2
12
13
0 1 
1 0 
15