4 10000
3
11
13
10
0 1 1 
1 0 0 
1 0 0 
10
16
30 10000
4
11
12
15
10
0 1 1 1 
1 0 1 0 
1 1 0 0 
1 0 0 0 
14
15
19
14
101 10000
2
14
13
0 1 
1 0 
10
148 10000
4
12
11
14
10
0 1 1 1 
1 0 1 0 
1 1 0 0 
1 0 0 0 
18
16
20
19
184 10000
4
13
15
11
10
0 0 1 0 
0 0 1 1 
1 1 0 1 
0 1 1 0 
19
12
13
12
191 10000
3
12
11
11
0 1 1 
1 0 1 
1 1 0 
13
14
13
195 10000
2
15
14
0 1 
1 0 
14
233 10000
4
15
15
11
10
0 1 1 1 
1 0 1 1 
1 1 0 1 
1 1 1 0 
18
20
18
20
11
17
260 10000
3
11
11
15
0 1 1 
1 0 1 
1 1 0 
20
12
13
262 10000
4
11
11
15
15
0 1 1 1 
1 0 0 1 
1 0 0 0 
1 1 0 0 
16
10
20
16
293 10000
2
10
11
0 1 
1 0 
20
299 10000
3
15
12
12
0 1 1 
1 0 1 
1 1 0 
11
16
11
342 10000
2
13
12
0 1 
1 0 
16
354 10000
3
10
15
14
0 1 1 
1 0 1 
1 1 0 
16
10
18
428 10000
2
11
14
0 1 
1 0 
13
444 10000
2
13
12
0 1 
1 0 
14
454 10000
2
14
13
0 1 
1 0 
20
486 10000
4
10
13
12
11
0 1 1 1 
1 0 1 1 
1 1 0 1 
1 1 1 0 
13
11
10
10
15
18
489 10000
2
14
11
0 1 
1 0 
20
496 10000
3
11
14
14
0 1 1 
1 0 1 
1 1 0 
16
18
13
497 10000
4
11
10
11
10
0 1 0 1 
1 0 1 0 
0 1 0 0 
1 0 0 0 
15
13
10
508 10000
4
12
12
12
15
0 1 1 1 
1 0 1 0 
1 1 0 0 
1 0 0 0 
14
14
15
12
513 10000
4
12
11
13
13
0 1 0 0 
1 0 1 1 
0 1 0 1 
0 1 1 0 
18
15
15
17
554 10000
4
10
11
14
10
0 1 1 0 
1 0 0 1 
1 0 0 1 
0 1 1 0 
15
11
20
10
578 10000
3
10
14
12
0 1 1 
1 0 1 
1 1 0 
16
20
17
584 10000
4
15
13
14
14
0 0 0 1 
0 0 1 0 
0 1 0 1 
1 0 1 0 
10
12
20
586 10000
2
14
10
0 1 
1 0 
12
596 10000
2
12
11
0 1 
1 0 
11
647 10000
3
12
11
11
0 0 1 
0 0 1 
1 1 0 
17
17
662 10000
2
12
11
0 1 
1 0 
11
699 10000
2
11
15
0 1 
1 0 
16
706 10000
2
12
15
0 1 
1 0 
18
736 10000
2
13
14
0 1 
1 0 
11
803 10000
3
10
10
12
0 1 1 
1 0 0 
1 0 0 
16
12
862 10000
4
13
15
10
13
0 1 0 1 
1 0 1 0 
0 1 0 0 
1 0 0 0 
16
12
11
905 10000
4
10
11
15
12
0 1 1 1 
1 0 0 0 
1 0 0 1 
1 0 1 0 
10
15
13
14
926 10000
4
11
12
14
15
0 0 1 1 
0 0 0 1 
1 0 0 1 
1 1 1 0 
11
12
15
19
987 10000
4
15
14
13
13
0 1 1 1 
1 0 1 1 
1 1 0 0 
1 1 0 0 
17
17
17
19
18
994 10000
4
14
11
10
10
0 1 0 0 
1 0 1 1 
0 1 0 1 
0 1 1 0 
10
15
19
13