48 10000
3
12
10
10
0 1 1 
1 0 1 
1 1 0 
13
14
10
64 10000
3
11
13
11
0 1 1 
1 0 0 
1 0 0 
13
13
144 10000
2
12
12
0 1 
1 0 
10
163 10000
2
13
10
0 1 
1 0 
16
199 10000
2
12
13
0 1 
1 0 
13
239 10000
3
10
14
10
0 1 1 
1 0 0 
1 0 0 
11
14
267 10000
3
13
15
12
0 1 1 
1 0 1 
1 1 0 
20
20
20
283 10000
4
11
13
11
10
0 1 1 1 
1 0 1 0 
1 1 0 0 
1 0 0 0 
12
18
15
12
286 10000
4
15
11
15
12
0 1 0 1 
1 0 1 1 
0 1 0 1 
1 1 1 0 
15
20
13
13
19
324 10000
4
15
14
12
12
0 1 0 1 
1 0 1 1 
0 1 0 1 
1 1 1 0 
16
16
19
15
13
325 10000
2
14
12
0 1 
1 0 
13
343 10000
4
10
14
14
11
0 1 1 0 
1 0 1 0 
1 1 0 1 
0 0 1 0 
18
14
20
20
346 10000
2
14
13
0 1 
1 0 
20
355 10000
3
15
12
11
0 1 1 
1 0 1 
1 1 0 
12
16
18
394 10000
3
10
10
11
0 1 1 
1 0 1 
1 1 0 
14
20
13
396 10000
2
13
13
0 1 
1 0 
13
411 10000
3
10
15
10
0 1 1 
1 0 1 
1 1 0 
14
20
20
452 10000
2
15
10
0 1 
1 0 
11
468 10000
4
10
15
10
13
0 1 1 0 
1 0 0 1 
1 0 0 0 
0 1 0 0 
12
17
19
482 10000
3
10
13
12
0 1 1 
1 0 1 
1 1 0 
20
19
20
520 10000
3
12
12
14
0 1 0 
1 0 1 
0 1 0 
18
18
539 10000
4
11
11
15
12
0 1 0 0 
1 0 1 1 
0 1 0 1 
0 1 1 0 
15
11
12
12
543 10000
4
12
12
11
12
0 1 0 1 
1 0 1 0 
0 1 0 1 
1 0 1 0 
11
12
12
14
551 10000
2
15
15
0 1 
1 0 
16
563 10000
4
10
12
10
13
0 1 0 1 
1 0 0 1 
0 0 0 1 
1 1 1 0 
17
13
20
12
565 10000
2
13
15
0 1 
1 0 
15
590 10000
4
14
12
13
13
0 1 0 0 
1 0 1 0 
0 1 0 1 
0 0 1 0 
13
20
12
603 10000
3
10
11
11
0 0 1 
0 0 1 
1 1 0 
15
12
610 10000
4
12
15
13
14
0 1 0 1 
1 0 1 1 
0 1 0 1 
1 1 1 0 
13
17
10
11
20
622 10000
3
10
13
12
0 1 0 
1 0 1 
0 1 0 
14
20
636 10000
4
15
15
11
13
0 0 1 1 
0 0 0 1 
1 0 0 1 
1 1 1 0 
15
19
11
20
649 10000
4
10
14
14
13
0 1 0 0 
1 0 1 1 
0 1 0 0 
0 1 0 0 
17
10
11
663 10000
2
15
14
0 1 
1 0 
17
690 10000
2
10
13
0 1 
1 0 
16
691 10000
4
10
12
11
15
0 1 1 1 
1 0 0 0 
1 0 0 1 
1 0 1 0 
12
18
11
12
699 10000
2
13
12
0 1 
1 0 
11
712 10000
3
15
11
13
0 1 0 
1 0 1 
0 1 0 
14
17
737 10000
3
11
11
13
0 1 0 
1 0 1 
0 1 0 
12
14
770 10000
4
10
11
10
12
0 0 1 0 
0 0 0 1 
1 0 0 1 
0 1 1 0 
20
13
11
776 10000
4
12
15
15
15
0 1 1 0 
1 0 1 0 
1 1 0 1 
0 0 1 0 
18
18
20
13
795 10000
2
12
13
0 1 
1 0 
10
799 10000
2
13
11
0 1 
1 0 
13
825 10000
3
10
13
11
0 1 1 
1 0 1 
1 1 0 
17
14
20
832 10000
3
15
14
10
0 1 1 
1 0 0 
1 0 0 
17
19
838 10000
4
12
12
13
14
0 0 1 1 
0 0 1 1 
1 1 0 0 
1 1 0 0 
17
16
10
16
851 10000
2
13
15
0 1 
1 0 
14
890 10000
3
10
14
10
0 1 1 
1 0 0 
1 0 0 
16
19
893 10000
4
14
11
15
14
0 0 1 1 
0 0 1 0 
1 1 0 1 
1 0 1 0 
15
19
12
12
909 10000
4
15
14
15
12
0 0 0 1 
0 0 1 1 
0 1 0 0 
1 1 0 0 
14
19
12
937 10000
4
13
13
15
11
0 0 1 1 
0 0 0 1 
1 0 0 1 
1 1 1 0 
11
18
15
16
972 10000
2
14
11
0 1 
1 0 
18
975 10000
3
14
14
12
0 0 1 
0 0 1 
1 1 0 
19
20
993 10000
4
13
12
15
15
0 1 1 0 
1 0 0 1 
1 0 0 1 
0 1 1 0 
14
14
18
20
997 10000
4
10
13
11
14
0 0 1 0 
0 0 0 1 
1 0 0 1 
0 1 1 0 
15
15
10